/*--------------------------------*- C++ -*----------------------------------*\
| =========                 |                                                 |
| \\      /  F ield         | foam-extend: Open Source CFD                    |
|  \\    /   O peration     | Version:     3.1                                |
|   \\  /    A nd           | Web:         http://www.extend-project.de       |
|    \\/     M anipulation  |                                                 |
\*---------------------------------------------------------------------------*/
FoamFile
{
    version     2.0;
    format      ascii;
    class       labelList;
    note        "nPoints: 2832 nCells: 6535 nFaces: 15728 nInternalFaces: 14842";
    location    "constant/polyMesh";
    object      neighbour;
}
// * * * * * * * * * * * * * * * * * * * * * * * * * * * * * * * * * * * * * //


14842
(
1
45
255
265
2
46
256
266
3
47
257
267
4
48
258
268
49
259
269
5028
6
60
260
270
7
61
261
271
8
62
262
272
9
63
263
273
64
264
274
4669
11
80
275
315
12
81
276
316
13
82
277
317
14
83
278
318
84
279
319
4620
16
100
280
320
17
101
281
321
18
102
282
322
19
103
283
323
104
284
324
5075
21
120
285
325
22
121
286
326
23
122
287
327
24
123
288
328
124
289
329
4477
26
140
290
330
27
141
291
331
28
142
292
332
29
143
293
333
144
294
334
4908
31
160
295
335
32
161
296
336
33
162
297
337
34
163
298
338
164
299
339
5672
36
180
300
340
37
181
301
341
38
182
302
342
39
183
303
343
184
304
344
5429
41
200
305
345
42
201
306
346
43
202
307
347
44
203
308
348
204
309
349
4841
46
55
310
47
56
311
48
57
312
49
58
313
59
314
6180
51
55
65
210
52
56
66
211
53
57
67
212
54
58
68
213
59
69
214
4849
56
605
57
606
58
607
59
608
609
5113
61
65
75
62
66
76
63
67
77
64
68
78
69
79
6302
66
410
67
411
68
412
69
413
414
6105
71
75
85
215
72
76
86
216
73
77
87
217
74
78
88
218
79
89
219
6050
76
415
77
416
78
417
79
418
419
5424
81
85
95
82
86
96
83
87
97
84
88
98
89
99
4456
86
425
87
426
88
427
89
428
429
6306
91
95
105
220
92
96
106
221
93
97
107
222
94
98
108
223
99
109
224
6038
96
435
97
436
98
437
99
438
439
6034
101
105
115
102
106
116
103
107
117
104
108
118
109
119
5630
106
445
107
446
108
447
109
448
449
5137
111
115
125
225
112
116
126
226
113
117
127
227
114
118
128
228
119
129
229
6432
116
455
117
456
118
457
119
458
459
5437
121
125
135
122
126
136
123
127
137
124
128
138
129
139
5975
126
465
127
466
128
467
129
468
469
5994
131
135
145
230
132
136
146
231
133
137
147
232
134
138
148
233
139
149
234
6453
136
475
137
476
138
477
139
478
479
5449
141
145
155
142
146
156
143
147
157
144
148
158
149
159
5173
146
485
147
486
148
487
149
488
489
4994
151
155
165
235
152
156
166
236
153
157
167
237
154
158
168
238
159
169
239
5168
156
495
157
496
158
497
159
498
499
5155
161
165
175
162
166
176
163
167
177
164
168
178
169
179
5317
166
505
167
506
168
507
169
508
509
6288
171
175
185
240
172
176
186
241
173
177
187
242
174
178
188
243
179
189
244
5430
176
515
177
516
178
517
179
518
519
4988
181
185
195
182
186
196
183
187
197
184
188
198
189
199
5572
186
525
187
526
188
527
189
528
529
5715
191
195
205
245
192
196
206
246
193
197
207
247
194
198
208
248
199
209
249
6337
196
535
197
536
198
537
199
538
539
6119
201
205
250
202
206
251
203
207
252
204
208
253
209
254
6039
206
545
207
546
208
547
209
548
549
4741
211
255
260
212
256
261
213
257
262
214
258
263
259
264
4816
216
270
315
217
271
316
218
272
317
219
273
318
274
319
4461
221
275
320
222
276
321
223
277
322
224
278
323
279
324
5069
226
280
325
227
281
326
228
282
327
229
283
328
284
329
5091
231
285
330
232
286
331
233
287
332
234
288
333
289
334
6419
236
290
335
237
291
336
238
292
337
239
293
338
294
339
4864
241
295
340
242
296
341
243
297
342
244
298
343
299
344
5380
246
300
345
247
301
346
248
302
347
249
303
348
304
349
5857
251
365
620
252
366
621
253
367
622
254
368
623
369
624
5274
256
405
257
406
258
407
259
408
409
4833
261
570
262
571
263
572
264
573
574
5054
266
355
555
267
356
556
268
357
557
269
358
558
359
559
6442
271
565
272
566
273
567
274
568
569
4694
276
370
277
371
278
372
279
373
374
4846
281
375
282
376
283
377
284
378
379
4781
286
380
287
381
288
382
289
383
384
4466
291
385
292
386
293
387
294
388
389
4879
296
390
297
391
298
392
299
393
394
5776
301
395
302
396
303
397
304
398
399
6140
306
360
400
307
361
401
308
362
402
309
363
403
364
404
6421
311
350
585
312
351
586
313
352
587
314
353
588
354
589
6446
316
590
317
591
318
592
319
593
594
6436
321
635
322
636
323
637
324
638
639
6431
326
640
327
641
328
642
329
643
644
5411
331
645
332
646
333
647
334
648
649
5448
336
650
337
651
338
652
339
653
654
4923
341
655
342
656
343
657
344
658
659
5910
346
660
347
661
348
662
349
663
664
5029
351
355
670
352
356
671
353
357
672
354
358
673
359
674
6025
356
755
357
756
358
757
359
758
759
4869
361
365
630
362
366
631
363
367
632
364
368
633
369
634
4505
366
700
367
701
368
702
369
703
704
4766
371
600
705
372
601
706
373
602
707
374
603
708
604
709
6093
376
715
750
377
716
751
378
717
752
379
718
753
719
754
4443
381
710
745
382
711
746
383
712
747
384
713
748
714
749
6418
386
685
740
387
686
741
388
687
742
389
688
743
689
744
4920
391
675
735
392
676
736
393
677
737
394
678
738
679
739
5208
396
730
765
397
731
766
398
732
767
399
733
768
734
769
5972
401
720
770
402
721
771
403
722
772
404
723
773
724
774
5202
406
560
575
407
561
576
408
562
577
409
563
578
564
579
5233
411
420
610
412
421
611
413
422
612
414
423
613
424
614
4650
416
420
430
417
421
431
418
422
432
419
423
433
424
434
5627
421
1125
422
1126
423
1127
424
1128
1129
5055
426
430
440
427
431
441
428
432
442
429
433
443
434
444
5077
431
885
432
886
433
887
434
888
889
5337
436
440
450
437
441
451
438
442
452
439
443
453
444
454
6320
441
890
442
891
443
892
444
893
894
6129
446
450
460
447
451
461
448
452
462
449
453
463
454
464
4791
451
900
452
901
453
902
454
903
904
5354
456
460
470
457
461
471
458
462
472
459
463
473
464
474
4900
461
910
462
911
463
912
464
913
914
4799
466
470
480
467
471
481
468
472
482
469
473
483
474
484
6121
471
920
472
921
473
922
474
923
924
5465
476
480
490
477
481
491
478
482
492
479
483
493
484
494
4683
481
930
482
931
483
932
484
933
934
6126
486
490
500
487
491
501
488
492
502
489
493
503
494
504
4554
491
940
492
941
493
942
494
943
944
4698
496
500
510
497
501
511
498
502
512
499
503
513
504
514
5974
501
950
502
951
503
952
504
953
954
4597
506
510
520
507
511
521
508
512
522
509
513
523
514
524
5143
511
960
512
961
513
962
514
963
964
5759
516
520
530
517
521
531
518
522
532
519
523
533
524
534
5110
521
965
522
966
523
967
524
968
969
6021
526
530
540
527
531
541
528
532
542
529
533
543
534
544
6106
531
970
532
971
533
972
534
973
974
6042
536
540
550
537
541
551
538
542
552
539
543
553
544
554
5716
541
980
542
981
543
982
544
983
984
4782
546
550
625
547
551
626
548
552
627
549
553
628
554
629
6336
551
990
552
991
553
992
554
993
994
6317
556
560
680
557
561
681
558
562
682
559
563
683
564
684
4909
561
1085
562
1086
563
1087
564
1088
1089
4794
566
580
595
567
581
596
568
582
597
569
583
598
584
599
5206
571
575
580
572
576
581
573
577
582
574
578
583
579
584
4552
576
1365
577
1366
578
1367
579
1368
1369
6099
581
1120
582
1121
583
1122
584
1123
1124
6231
586
615
690
587
616
691
588
617
692
589
618
693
619
694
5729
591
595
600
592
596
601
593
597
602
594
598
603
599
604
6307
596
1135
597
1136
598
1137
599
1138
1139
6091
601
1105
602
1106
603
1107
604
1108
1109
5079
606
610
615
607
611
616
608
612
617
609
613
618
614
619
4649
611
1065
612
1066
613
1067
614
1068
1069
5146
616
1090
617
1091
618
1092
619
1093
1094
5039
621
625
665
622
626
666
623
627
667
624
628
668
629
669
4674
626
1000
627
1001
628
1002
629
1003
1004
6491
631
725
1010
632
726
1011
633
727
1012
634
728
1013
729
1014
6423
636
705
715
637
706
716
638
707
717
639
708
718
709
719
5388
641
710
750
642
711
751
643
712
752
644
713
753
714
754
4891
646
685
745
647
686
746
648
687
747
649
688
748
689
749
4795
651
675
740
652
676
741
653
677
742
654
678
743
679
744
4868
656
735
765
657
736
766
658
737
767
659
738
768
739
769
5468
661
730
770
662
731
771
663
732
772
664
733
773
734
774
4470
666
700
1020
667
701
1021
668
702
1022
669
703
1023
704
1024
6468
671
695
1025
672
696
1026
673
697
1027
674
698
1028
699
1029
4967
676
840
677
841
678
842
679
843
844
4785
681
760
870
682
761
871
683
762
872
684
763
873
764
874
5650
686
875
687
876
688
877
689
878
879
6415
691
695
1045
692
696
1046
693
697
1047
694
698
1048
699
1049
4958
696
1115
697
1116
698
1117
699
1118
1119
5809
701
835
702
836
703
837
704
838
839
4682
706
825
707
826
708
827
709
828
829
5700
711
775
712
776
713
777
714
778
779
5203
716
780
717
781
718
782
719
783
784
5706
721
725
1160
722
726
1161
723
727
1162
724
728
1163
729
1164
5287
726
1150
727
1151
728
1152
729
1153
1154
5200
731
855
732
856
733
857
734
858
859
6175
736
815
737
816
738
817
739
818
819
5517
741
805
742
806
743
807
744
808
809
4665
746
1050
747
1051
748
1052
749
1053
1054
6456
751
785
752
786
753
787
754
788
789
6463
756
760
1030
757
761
1031
758
762
1032
759
763
1033
764
1034
6440
761
1165
762
1166
763
1167
764
1168
1169
5707
766
800
767
801
768
802
769
803
804
6321
771
810
772
811
773
812
774
813
814
5654
776
795
1180
777
796
1181
778
797
1182
779
798
1183
799
1184
5197
781
790
830
782
791
831
783
792
832
784
793
833
794
834
5702
786
790
795
787
791
796
788
792
797
789
793
798
794
799
6161
791
1630
792
1631
793
1632
794
1633
1634
5323
796
1495
797
1496
798
1497
799
1498
1499
5777
801
820
860
802
821
861
803
822
862
804
823
863
824
864
5442
806
845
880
807
846
881
808
847
882
809
848
883
849
884
6100
811
865
1155
812
866
1156
813
867
1157
814
868
1158
869
1159
6113
816
820
850
817
821
851
818
822
852
819
823
853
824
854
5244
821
1415
822
1416
823
1417
824
1418
1419
5666
826
830
1110
827
831
1111
828
832
1112
829
833
1113
834
1114
4643
831
1225
832
1226
833
1227
834
1228
1229
4817
836
1015
1040
837
1016
1041
838
1017
1042
839
1018
1043
1019
1044
6478
841
845
850
842
846
851
843
847
852
844
848
853
849
854
6138
846
1500
847
1501
848
1502
849
1503
1504
5254
851
1600
852
1601
853
1602
854
1603
1604
5635
856
860
865
857
861
866
858
862
867
859
863
868
864
869
5440
861
1475
862
1476
863
1477
864
1478
1479
4613
866
1460
867
1461
868
1462
869
1463
1464
5072
871
1060
1175
872
1061
1176
873
1062
1177
874
1063
1178
1064
1179
6127
876
880
1070
877
881
1071
878
882
1072
879
883
1073
884
1074
5997
881
1505
882
1506
883
1507
884
1508
1509
5556
886
895
1195
887
896
1196
888
897
1197
889
898
1198
899
1199
4629
891
895
905
892
896
906
893
897
907
894
898
908
899
909
4618
896
1235
897
1236
898
1237
899
1238
1239
4914
901
905
915
902
906
916
903
907
917
904
908
918
909
919
4459
906
1255
907
1256
908
1257
909
1258
1259
5270
911
915
925
912
916
926
913
917
927
914
918
928
919
929
4980
916
1265
917
1266
918
1267
919
1268
1269
5445
921
925
935
922
926
936
923
927
937
924
928
938
929
939
5210
926
1275
927
1276
928
1277
929
1278
1279
5209
931
935
945
932
936
946
933
937
947
934
938
948
939
949
4457
936
1285
937
1286
938
1287
939
1288
1289
5463
941
945
955
942
946
956
943
947
957
944
948
958
949
959
4672
946
1295
947
1296
948
1297
949
1298
1299
4510
951
955
960
952
956
961
953
957
962
954
958
963
959
964
4509
956
1300
957
1301
958
1302
959
1303
1304
5815
961
1055
962
1056
963
1057
964
1058
1059
4581
966
975
1055
967
976
1056
968
977
1057
969
978
1058
979
1059
5415
971
975
985
972
976
986
973
977
987
974
978
988
979
989
6420
976
1315
977
1316
978
1317
979
1318
1319
5970
981
985
995
982
986
996
983
987
997
984
988
998
989
999
5646
986
1335
987
1336
988
1337
989
1338
1339
5064
991
995
1005
992
996
1006
993
997
1007
994
998
1008
999
1009
5766
996
1345
997
1346
998
1347
999
1348
1349
5794
1001
1005
1075
1002
1006
1076
1003
1007
1077
1004
1008
1078
1009
1079
5651
1006
1355
1007
1356
1008
1357
1009
1358
1359
6135
1011
1015
1080
1012
1016
1081
1013
1017
1082
1014
1018
1083
1019
1084
5403
1016
1380
1017
1381
1018
1382
1019
1383
1384
4659
1021
1035
1075
1022
1036
1076
1023
1037
1077
1024
1038
1078
1039
1079
5402
1026
1030
1190
1027
1031
1191
1028
1032
1192
1029
1033
1193
1034
1194
5377
1031
1405
1032
1406
1033
1407
1034
1408
1409
5479
1036
1040
1435
1037
1041
1436
1038
1042
1437
1039
1043
1438
1044
1439
4713
1041
1200
1042
1201
1043
1202
1044
1203
1204
5167
1046
1100
1205
1047
1101
1206
1048
1102
1207
1049
1103
1208
1104
1209
5132
1051
1070
1180
1052
1071
1181
1053
1072
1182
1054
1073
1183
1074
1184
6450
1056
1215
1057
1216
1058
1217
1059
1218
1219
6118
1061
1170
1220
1062
1171
1221
1063
1172
1222
1064
1173
1223
1174
1224
5103
1066
1095
1130
1067
1096
1131
1068
1097
1132
1069
1098
1133
1099
1134
5050
1071
1240
1072
1241
1073
1242
1074
1243
1244
5416
1076
1395
1077
1396
1078
1397
1079
1398
1399
6111
1081
1150
1250
1082
1151
1251
1083
1152
1252
1084
1153
1253
1154
1254
6178
1086
1175
1245
1087
1176
1246
1088
1177
1247
1089
1178
1248
1179
1249
6101
1091
1095
1100
1092
1096
1101
1093
1097
1102
1094
1098
1103
1099
1104
6184
1096
1560
1097
1561
1098
1562
1099
1563
1564
6192
1101
1575
1102
1576
1103
1577
1104
1578
1579
6183
1106
1110
1145
1107
1111
1146
1108
1112
1147
1109
1113
1148
1114
1149
6133
1111
1590
1112
1591
1113
1592
1114
1593
1594
6434
1116
1185
1210
1117
1186
1211
1118
1187
1212
1119
1188
1213
1189
1214
4590
1121
1140
1370
1122
1141
1371
1123
1142
1372
1124
1143
1373
1144
1374
4749
1126
1130
1195
1127
1131
1196
1128
1132
1197
1129
1133
1198
1134
1199
5135
1131
1375
1132
1376
1133
1377
1134
1378
1379
4818
1136
1140
1145
1137
1141
1146
1138
1142
1147
1139
1143
1148
1144
1149
5296
1141
1660
1142
1661
1143
1662
1144
1663
1664
5401
1146
1800
1147
1801
1148
1802
1149
1803
1804
5750
1151
1230
1152
1231
1153
1232
1154
1233
1234
4599
1156
1160
1530
1157
1161
1531
1158
1162
1532
1159
1163
1533
1164
1534
4843
1161
1490
1162
1491
1163
1492
1164
1493
1494
5097
1166
1170
1410
1167
1171
1411
1168
1172
1412
1169
1173
1413
1174
1414
4832
1171
1615
1172
1616
1173
1617
1174
1618
1619
4680
1176
1535
1177
1536
1178
1537
1179
1538
1539
6022
1181
1325
1182
1326
1183
1327
1184
1328
1329
5998
1186
1190
1465
1187
1191
1466
1188
1192
1467
1189
1193
1468
1194
1469
5268
1191
1645
1192
1646
1193
1647
1194
1648
1649
5334
1196
1420
1197
1421
1198
1422
1199
1423
1424
4634
1201
1390
1565
1202
1391
1566
1203
1392
1567
1204
1393
1568
1394
1569
5756
1206
1210
1455
1207
1211
1456
1208
1212
1457
1209
1213
1458
1214
1459
5801
1211
1545
1212
1546
1213
1547
1214
1548
1549
5455
1216
1305
1320
1217
1306
1321
1218
1307
1322
1219
1308
1323
1309
1324
4462
1221
1470
1640
1222
1471
1641
1223
1472
1642
1224
1473
1643
1474
1644
4877
1226
1595
1625
1227
1596
1626
1228
1597
1627
1229
1598
1628
1599
1629
5829
1231
1490
1540
1232
1491
1541
1233
1492
1542
1234
1493
1543
1494
1544
4646
1236
1260
1425
1237
1261
1426
1238
1262
1427
1239
1263
1428
1264
1429
5278
1241
1330
1570
1242
1331
1571
1243
1332
1572
1244
1333
1573
1334
1574
6208
1246
1365
1445
1247
1366
1446
1248
1367
1447
1249
1368
1448
1369
1449
6168
1251
1385
1510
1252
1386
1511
1253
1387
1512
1254
1388
1513
1389
1514
5127
1256
1260
1270
1257
1261
1271
1258
1262
1272
1259
1263
1273
1264
1274
5761
1261
2010
1262
2011
1263
2012
1264
2013
2014
5407
1266
1270
1280
1267
1271
1281
1268
1272
1282
1269
1273
1283
1274
1284
4521
1271
1720
1272
1721
1273
1722
1274
1723
1724
5852
1276
1280
1290
1277
1281
1291
1278
1282
1292
1279
1283
1293
1284
1294
5080
1281
1725
1282
1726
1283
1727
1284
1728
1729
6484
1286
1290
1295
1287
1291
1296
1288
1292
1297
1289
1293
1298
1294
1299
4812
1291
1735
1292
1736
1293
1737
1294
1738
1739
6143
1296
1310
1297
1311
1298
1312
1299
1313
1314
5814
1301
1305
1310
1302
1306
1311
1303
1307
1312
1304
1308
1313
1309
1314
4778
1306
2165
1307
2166
1308
2167
1309
2168
2169
4430
1311
1945
1312
1946
1313
1947
1314
1948
1949
4594
1316
1320
1340
1317
1321
1341
1318
1322
1342
1319
1323
1343
1324
1344
5902
1321
1675
1322
1676
1323
1677
1324
1678
1679
5092
1326
1330
1495
1327
1331
1496
1328
1332
1497
1329
1333
1498
1334
1499
5781
1331
1755
1332
1756
1333
1757
1334
1758
1759
6212
1336
1340
1350
1337
1341
1351
1338
1342
1352
1339
1343
1353
1344
1354
4583
1341
1765
1342
1766
1343
1767
1344
1768
1769
4574
1346
1350
1360
1347
1351
1361
1348
1352
1362
1349
1353
1363
1354
1364
6467
1351
1775
1352
1776
1353
1777
1354
1778
1779
4809
1356
1360
1400
1357
1361
1401
1358
1362
1402
1359
1363
1403
1364
1404
5660
1361
1785
1362
1786
1363
1787
1364
1788
1789
5839
1366
1370
1367
1371
1368
1372
1369
1373
1374
5717
1371
1440
1372
1441
1373
1442
1374
1443
1444
6150
1376
1430
1555
1377
1431
1556
1378
1432
1557
1379
1433
1558
1434
1559
4997
1381
1385
1390
1382
1386
1391
1383
1387
1392
1384
1388
1393
1389
1394
4582
1386
2015
1387
2016
1388
2017
1389
2018
2019
5165
1391
1990
1392
1991
1393
1992
1394
1993
1994
5295
1396
1400
1515
1397
1401
1516
1398
1402
1517
1399
1403
1518
1404
1519
5297
1401
1850
1402
1851
1403
1852
1404
1853
1854
6130
1406
1410
1650
1407
1411
1651
1408
1412
1652
1409
1413
1653
1414
1654
4921
1411
1835
1412
1836
1413
1837
1414
1838
1839
5123
1416
1480
1610
1417
1481
1611
1418
1482
1612
1419
1483
1613
1484
1614
6495
1421
1425
1430
1422
1426
1431
1423
1427
1432
1424
1428
1433
1429
1434
5797
1426
2065
1427
2066
1428
2067
1429
2068
2069
5462
1431
2025
1432
2026
1433
2027
1434
2028
2029
5134
1436
1515
1520
1437
1516
1521
1438
1517
1522
1439
1518
1523
1519
1524
4715
1441
1450
1655
1442
1451
1656
1443
1452
1657
1444
1453
1658
1454
1659
5211
1446
1450
1665
1447
1451
1666
1448
1452
1667
1449
1453
1668
1454
1669
5566
1451
1975
1452
1976
1453
1977
1454
1978
1979
5085
1456
1585
1700
1457
1586
1701
1458
1587
1702
1459
1588
1703
1589
1704
4535
1461
1485
1525
1462
1486
1526
1463
1487
1527
1464
1488
1528
1489
1529
4651
1466
1550
1745
1467
1551
1746
1468
1552
1747
1469
1553
1748
1554
1749
5283
1471
1620
1865
1472
1621
1866
1473
1622
1867
1474
1623
1868
1624
1869
5396
1476
1480
1485
1477
1481
1486
1478
1482
1487
1479
1483
1488
1484
1489
5959
1481
1910
1482
1911
1483
1912
1484
1913
1914
4808
1486
1960
1487
1961
1488
1962
1489
1963
1964
6190
1491
1670
1492
1671
1493
1672
1494
1673
1674
5036
1496
1830
1497
1831
1498
1832
1499
1833
1834
6132
1501
1605
1635
1502
1606
1636
1503
1607
1637
1504
1608
1638
1609
1639
5662
1506
1570
1635
1507
1571
1636
1508
1572
1637
1509
1573
1638
1574
1639
6270
1511
1540
1845
1512
1541
1846
1513
1542
1847
1514
1543
1848
1544
1849
4966
1516
1710
1517
1711
1518
1712
1519
1713
1714
5841
1521
1565
1715
1522
1566
1716
1523
1567
1717
1524
1568
1718
1569
1719
6479
1526
1530
1950
1527
1531
1951
1528
1532
1952
1529
1533
1953
1534
1954
4790
1531
1920
1532
1921
1533
1922
1534
1923
1924
5067
1536
1640
1665
1537
1641
1666
1538
1642
1667
1539
1643
1668
1644
1669
6149
1541
1760
1542
1761
1543
1762
1544
1763
1764
4494
1546
1550
1705
1547
1551
1706
1548
1552
1707
1549
1553
1708
1554
1709
4827
1551
1980
1552
1981
1553
1982
1554
1983
1984
4719
1556
1560
1895
1557
1561
1896
1558
1562
1897
1559
1563
1898
1564
1899
5330
1561
1580
1562
1581
1563
1582
1564
1583
1584
5290
1566
1795
1567
1796
1568
1797
1569
1798
1799
5130
1571
1815
1572
1816
1573
1817
1574
1818
1819
6265
1576
1580
1585
1577
1581
1586
1578
1582
1587
1579
1583
1588
1584
1589
5355
1581
2170
1582
2171
1583
2172
1584
2173
2174
4538
1586
2035
1587
2036
1588
2037
1589
2038
2039
5043
1591
1595
1810
1592
1596
1811
1593
1597
1812
1594
1598
1813
1599
1814
5783
1596
2000
1597
2001
1598
2002
1599
2003
2004
6435
1601
1605
1610
1602
1606
1611
1603
1607
1612
1604
1608
1613
1609
1614
6310
1606
2135
1607
2136
1608
2137
1609
2138
2139
6225
1611
2050
1612
2051
1613
2052
1614
2053
2054
4863
1616
1620
1840
1617
1621
1841
1618
1622
1842
1619
1623
1843
1624
1844
6082
1621
1925
1622
1926
1623
1927
1624
1928
1929
6040
1626
1630
1900
1627
1631
1901
1628
1632
1902
1629
1633
1903
1634
1904
6325
1631
1830
1632
1831
1633
1832
1634
1833
1834
5258
1636
1680
1637
1681
1638
1682
1639
1683
1684
6271
1641
1690
1642
1691
1643
1692
1644
1693
1694
5074
1646
1650
1750
1647
1651
1751
1648
1652
1752
1649
1653
1753
1654
1754
5265
1651
2080
1652
2081
1653
2082
1654
2083
2084
6136
1656
1660
1930
1657
1661
1931
1658
1662
1932
1659
1663
1933
1664
1934
6327
1661
1805
1662
1806
1663
1807
1664
1808
1809
5751
1666
1685
1667
1686
1668
1687
1669
1688
1689
6285
1671
1920
1965
1672
1921
1966
1673
1922
1967
1674
1923
1968
1924
1969
6155
1676
1770
2250
1677
1771
2251
1678
1772
2252
1679
1773
2253
1774
2254
4854
1681
1825
2255
1682
1826
2256
1683
1827
2257
1684
1828
2258
1829
2259
4575
1686
1695
2045
1687
1696
2046
1688
1697
2047
1689
1698
2048
1699
2049
5927
1691
1695
1870
1692
1696
1871
1693
1697
1872
1694
1698
1873
1699
1874
4506
1696
2560
1697
2561
1698
2562
1699
2563
2564
5311
1701
1705
1890
1702
1706
1891
1703
1707
1892
1704
1708
1893
1709
1894
4720
1706
2150
1707
2151
1708
2152
1709
2153
2154
5255
1711
1855
1935
1712
1856
1936
1713
1857
1937
1714
1858
1938
1859
1939
6187
1716
1935
1940
1717
1936
1941
1718
1937
1942
1719
1938
1943
1939
1944
5886
1721
1730
2005
1722
1731
2006
1723
1732
2007
1724
1733
2008
1734
2009
5861
1726
1730
1740
1727
1731
1741
1728
1732
1742
1729
1733
1743
1734
1744
6483
1731
2280
1732
2281
1733
2282
1734
2283
2284
6076
1736
1740
1945
1737
1741
1946
1738
1742
1947
1739
1743
1948
1744
1949
4731
1741
2215
1742
2216
1743
2217
1744
2218
2219
4796
1746
1750
1955
1747
1751
1956
1748
1752
1957
1749
1753
1958
1754
1959
4550
1751
2220
1752
2221
1753
2222
1754
2223
2224
4585
1756
1820
1885
1757
1821
1886
1758
1822
1887
1759
1823
1888
1824
1889
5272
1761
1915
1965
1762
1916
1966
1763
1917
1967
1764
1918
1968
1919
1969
6278
1766
1770
1780
1767
1771
1781
1768
1772
1782
1769
1773
1783
1774
1784
5744
1771
2350
1772
2351
1773
2352
1774
2353
2354
5508
1776
1780
1790
1777
1781
1791
1778
1782
1792
1779
1783
1793
1784
1794
5299
1781
2235
1782
2236
1783
2237
1784
2238
2239
4746
1786
1790
1860
1787
1791
1861
1788
1792
1862
1789
1793
1863
1794
1864
6219
1791
2240
1792
2241
1793
2242
1794
2243
2244
6218
1796
1970
1995
1797
1971
1996
1798
1972
1997
1799
1973
1998
1974
1999
6481
1801
1805
1810
1802
1806
1811
1803
1807
1812
1804
1808
1813
1809
1814
5335
1806
2145
1807
2146
1808
2147
1809
2148
2149
6131
1811
2460
1812
2461
1813
2462
1814
2463
2464
4647
1816
1820
1825
1817
1821
1826
1818
1822
1827
1819
1823
1828
1824
1829
5482
1821
2590
1822
2591
1823
2592
1824
2593
2594
5486
1826
2580
1827
2581
1828
2582
1829
2583
2584
6497
1831
1880
1832
1881
1833
1882
1834
1883
1884
4567
1836
1840
2085
1837
1841
2086
1838
1842
2087
1839
1843
2088
1844
2089
6134
1841
2300
1842
2301
1843
2302
1844
2303
2304
4875
1846
1875
2060
1847
1876
2061
1848
1877
2062
1849
1878
2063
1879
2064
5992
1851
1855
1860
1852
1856
1861
1853
1857
1862
1854
1858
1863
1859
1864
6443
1856
2555
1857
2556
1858
2557
1859
2558
2559
6510
1861
2440
1862
2441
1863
2442
1864
2443
2444
5118
1866
1870
2095
1867
1871
2096
1868
1872
2097
1869
1873
2098
1874
2099
4455
1871
2190
1872
2191
1873
2192
1874
2193
2194
4951
1876
1915
2330
1877
1916
2331
1878
1917
2332
1879
1918
2333
1919
2334
4661
1881
1885
1905
1882
1886
1906
1883
1887
1907
1884
1888
1908
1889
1909
5257
1886
2605
1887
2606
1888
2607
1889
2608
2609
6465
1891
2040
2115
1892
2041
2116
1893
2042
2117
1894
2043
2118
2044
2119
4717
1896
2030
2175
1897
2031
2176
1898
2032
2177
1899
2033
2178
2034
2179
5298
1901
1905
2000
1902
1906
2001
1903
1907
2002
1904
1908
2003
1909
2004
5264
1906
2525
1907
2526
1908
2527
1909
2528
2529
5262
1911
2055
2125
1912
2056
2126
1913
2057
2127
1914
2058
2128
2059
2129
5376
1916
2130
1917
2131
1918
2132
1919
2133
2134
6294
1921
2345
1922
2346
1923
2347
1924
2348
2349
6157
1926
2090
2305
1927
2091
2306
1928
2092
2307
1929
2093
2308
2094
2309
5494
1931
2100
2140
1932
2101
2141
1933
2102
2142
1934
2103
2143
2104
2144
5647
1936
2185
1937
2186
1938
2187
1939
2188
2189
6507
1941
1970
2195
1942
1971
2196
1943
1972
2197
1944
1973
2198
1974
2199
4504
1946
2205
1947
2206
1948
2207
1949
2208
2209
5093
1951
1960
2210
1952
1961
2211
1953
1962
2212
1954
1963
2213
1964
2214
5633
1956
1985
2365
1957
1986
2366
1958
1987
2367
1959
1988
2368
1989
2369
6362
1961
2125
1962
2126
1963
2127
1964
2128
2129
6521
1966
2340
1967
2341
1968
2342
1969
2343
2344
5636
1971
2325
1972
2326
1973
2327
1974
2328
2329
6509
1976
2045
2100
1977
2046
2101
1978
2047
2102
1979
2048
2103
2049
2104
6309
1981
1985
2160
1982
1986
2161
1983
1987
2162
1984
1988
2163
1989
2164
5818
1986
2445
1987
2446
1988
2447
1989
2448
2449
5816
1991
1995
2020
1992
1996
2021
1993
1997
2022
1994
1998
2023
1999
2024
6216
1996
2475
1997
2476
1998
2477
1999
2478
2479
6221
2001
2105
2002
2106
2003
2107
2004
2108
2109
5828
2006
2010
2120
2007
2011
2121
2008
2012
2122
2009
2013
2123
2014
2124
6077
2011
2070
2012
2071
2013
2072
2014
2073
2074
6441
2016
2020
2060
2017
2021
2061
2018
2022
2062
2019
2023
2063
2024
2064
5819
2021
2495
2022
2496
2023
2497
2024
2498
2499
5308
2026
2030
2075
2027
2031
2076
2028
2032
2077
2029
2033
2078
2034
2079
4933
2031
2500
2032
2501
2033
2502
2034
2503
2504
5682
2036
2040
2180
2037
2041
2181
2038
2042
2182
2039
2043
2183
2044
2184
4499
2041
2510
2042
2511
2043
2512
2044
2513
2514
5532
2046
2310
2047
2311
2048
2312
2049
2313
2314
5596
2051
2055
2295
2052
2056
2296
2053
2057
2297
2054
2058
2298
2059
2299
6496
2056
2530
2057
2531
2058
2532
2059
2533
2534
5381
2061
2110
2062
2111
2063
2112
2064
2113
2114
6291
2066
2070
2075
2067
2071
2076
2068
2072
2077
2069
2073
2078
2074
2079
4664
2071
2550
2072
2551
2073
2552
2074
2553
2554
6439
2076
2780
2077
2781
2078
2782
2079
2783
2784
5421
2081
2085
2225
2082
2086
2226
2083
2087
2227
2084
2088
2228
2089
2229
6525
2086
2485
2087
2486
2088
2487
2089
2488
2489
6137
2091
2095
2565
2092
2096
2566
2093
2097
2567
2094
2098
2568
2099
2569
5120
2096
2570
2097
2571
2098
2572
2099
2573
2574
4488
2101
2230
2102
2231
2103
2232
2104
2233
2234
6379
2106
2405
2460
2107
2406
2461
2108
2407
2462
2109
2408
2463
2409
2464
4526
2111
2335
2400
2112
2336
2401
2113
2337
2402
2114
2338
2403
2339
2404
5108
2116
2155
2380
2117
2156
2381
2118
2157
2382
2119
2158
2383
2159
2384
5304
2121
2290
2545
2122
2291
2546
2123
2292
2547
2124
2293
2548
2294
2549
6486
2126
2265
2127
2266
2128
2267
2129
2268
2269
5622
2131
2390
2425
2132
2391
2426
2133
2392
2427
2134
2393
2428
2394
2429
6293
2136
2255
2295
2137
2256
2296
2138
2257
2297
2139
2258
2298
2259
2299
6498
2141
2145
2435
2142
2146
2436
2143
2147
2437
2144
2148
2438
2149
2439
5503
2146
2720
2147
2721
2148
2722
2149
2723
2724
5551
2151
2155
2160
2152
2156
2161
2153
2157
2162
2154
2158
2163
2159
2164
5325
2156
2985
2157
2986
2158
2987
2159
2988
2989
4733
2161
2890
2162
2891
2163
2892
2164
2893
2894
5328
2166
2205
2250
2167
2206
2251
2168
2207
2252
2169
2208
2253
2209
2254
4471
2171
2175
2180
2172
2176
2181
2173
2177
2182
2174
2178
2183
2179
2184
5870
2176
2410
2177
2411
2178
2412
2179
2413
2414
5872
2181
2660
2182
2661
2183
2662
2184
2663
2664
4508
2186
2200
2540
2187
2201
2541
2188
2202
2542
2189
2203
2543
2204
2544
4539
2191
2575
2610
2192
2576
2611
2193
2577
2612
2194
2578
2613
2579
2614
4486
2196
2200
2415
2197
2201
2416
2198
2202
2417
2199
2203
2418
2204
2419
5277
2201
2725
2202
2726
2203
2727
2204
2728
2729
4503
2206
2260
2207
2261
2208
2262
2209
2263
2264
5985
2211
2345
2470
2212
2346
2471
2213
2347
2472
2214
2348
2473
2349
2474
5965
2216
2285
2395
2217
2286
2396
2218
2287
2397
2219
2288
2398
2289
2399
5990
2221
2225
2370
2222
2226
2371
2223
2227
2372
2224
2228
2373
2229
2374
5451
2226
2810
2227
2811
2228
2812
2229
2813
2814
6342
2231
2315
2430
2232
2316
2431
2233
2317
2432
2234
2318
2433
2319
2434
5644
2236
2245
2355
2237
2246
2356
2238
2247
2357
2239
2248
2358
2249
2359
5226
2241
2245
2455
2242
2246
2456
2243
2247
2457
2244
2248
2458
2249
2459
5027
2246
3100
2247
3101
2248
3102
2249
3103
3104
6241
2251
2270
2252
2271
2253
2272
2254
2273
2274
4474
2256
2320
2257
2321
2258
2322
2259
2323
2324
5560
2261
2275
2395
2262
2276
2396
2263
2277
2397
2264
2278
2398
2279
2399
5671
2266
2465
2535
2267
2466
2536
2268
2467
2537
2269
2468
2538
2469
2539
5178
2271
2275
2360
2272
2276
2361
2273
2277
2362
2274
2278
2363
2279
2364
4806
2276
2735
2277
2736
2278
2737
2279
2738
2739
6243
2281
2285
2290
2282
2286
2291
2283
2287
2292
2284
2288
2293
2289
2294
6488
2286
3050
2287
3051
2288
3052
2289
3053
3054
5851
2291
2965
2292
2966
2293
2967
2294
2968
2969
5855
2296
2630
2297
2631
2298
2632
2299
2633
2634
5559
2301
2305
2490
2302
2306
2491
2303
2307
2492
2304
2308
2493
2309
2494
5194
2306
2520
2307
2521
2308
2522
2309
2523
2524
5121
2311
2315
2615
2312
2316
2616
2313
2317
2617
2314
2318
2618
2319
2619
5790
2316
2765
2317
2766
2318
2767
2319
2768
2769
4894
2321
2585
2795
2322
2586
2796
2323
2587
2797
2324
2588
2798
2589
2799
4440
2326
2420
2480
2327
2421
2481
2328
2422
2482
2329
2423
2483
2424
2484
4754
2331
2335
2600
2332
2336
2601
2333
2337
2602
2334
2338
2603
2339
2604
4830
2336
2745
2337
2746
2338
2747
2339
2748
2749
6156
2341
2375
2425
2342
2376
2426
2343
2377
2427
2344
2378
2428
2379
2429
6519
2346
2375
2347
2376
2348
2377
2349
2378
2379
4819
2351
2355
2360
2352
2356
2361
2353
2357
2362
2354
2358
2363
2359
2364
4860
2356
2920
2357
2921
2358
2922
2359
2923
2924
5157
2361
2870
2362
2871
2363
2872
2364
2873
2874
4961
2366
2370
2385
2367
2371
2386
2368
2372
2387
2369
2373
2388
2374
2389
5243
2371
2820
2372
2821
2373
2822
2374
2823
2824
5125
2376
2715
2377
2716
2378
2717
2379
2718
2719
5573
2381
2515
2620
2382
2516
2621
2383
2517
2622
2384
2518
2623
2519
2624
5042
2386
2450
2805
2387
2451
2806
2388
2452
2807
2389
2453
2808
2454
2809
5375
2391
2600
2640
2392
2601
2641
2393
2602
2642
2394
2603
2643
2604
2644
5518
2396
2645
2397
2646
2398
2647
2399
2648
2649
5670
2401
2495
2700
2402
2496
2701
2403
2497
2702
2404
2498
2703
2499
2704
6516
2406
2525
2655
2407
2526
2656
2408
2527
2657
2409
2528
2658
2529
2659
5782
2411
2505
2665
2412
2506
2666
2413
2507
2667
2414
2508
2668
2509
2669
4765
2416
2420
2835
2417
2421
2836
2418
2422
2837
2419
2423
2838
2424
2839
5888
2421
2695
2422
2696
2423
2697
2424
2698
2699
6031
2426
2675
2427
2676
2428
2677
2429
2678
2679
5907
2431
2435
2775
2432
2436
2776
2433
2437
2777
2434
2438
2778
2439
2779
6515
2436
3365
2437
3366
2438
3367
2439
3368
3369
6408
2441
2455
2650
2442
2456
2651
2443
2457
2652
2444
2458
2653
2459
2654
5831
2446
2450
2895
2447
2451
2896
2448
2452
2897
2449
2453
2898
2454
2899
6234
2451
2915
2452
2916
2453
2917
2454
2918
2919
5684
2456
2625
2457
2626
2458
2627
2459
2628
2629
5813
2461
2720
2462
2721
2463
2722
2464
2723
2724
5505
2466
2470
3090
2467
2471
3091
2468
2472
3092
2469
2473
3093
2474
3094
5318
2471
2875
2472
2876
2473
2877
2474
2878
2879
6002
2476
2480
2790
2477
2481
2791
2478
2482
2792
2479
2483
2793
2484
2794
6217
2481
2975
2482
2976
2483
2977
2484
2978
2979
5469
2486
2490
2815
2487
2491
2816
2488
2492
2817
2489
2493
2818
2494
2819
5356
2491
3120
2492
3121
2493
3122
2494
3123
3124
6102
2496
2790
2497
2791
2498
2792
2499
2793
2794
6375
2501
2505
2780
2502
2506
2781
2503
2507
2782
2504
2508
2783
2509
2784
6210
2506
2945
2507
2946
2508
2947
2509
2948
2949
4442
2511
2515
2670
2512
2516
2671
2513
2517
2672
2514
2518
2673
2519
2674
5147
2516
3010
2517
3011
2518
3012
2519
3013
3014
5174
2521
2565
3085
2522
2566
3086
2523
2567
3087
2524
2568
3088
2569
3089
5196
2526
2760
2527
2761
2528
2762
2529
2763
2764
5655
2531
2535
2800
2532
2536
2801
2533
2537
2802
2534
2538
2803
2539
2804
4776
2536
3025
2537
3026
2538
3027
2539
3028
3029
5071
2541
2555
2635
2542
2556
2636
2543
2557
2637
2544
2558
2638
2559
2639
6049
2546
2550
3030
2547
2551
3031
2548
2552
3032
2549
2553
3033
2554
3034
5495
2551
3005
2552
3006
2553
3007
2554
3008
3009
5496
2556
2650
2557
2651
2558
2652
2559
2653
2654
6188
2561
2610
2615
2562
2611
2616
2563
2612
2617
2564
2613
2618
2614
2619
6422
2566
2785
2567
2786
2568
2787
2569
2788
2789
5733
2571
2575
3020
2572
2576
3021
2573
2577
3022
2574
2578
3023
2579
3024
5190
2576
3155
2577
3156
2578
3157
2579
3158
3159
4589
2581
2585
2595
2582
2586
2596
2583
2587
2597
2584
2588
2598
2589
2599
5413
2586
2940
2587
2941
2588
2942
2589
2943
2944
4853
2591
2595
2605
2592
2596
2606
2593
2597
2607
2594
2598
2608
2599
2609
6224
2596
3065
2597
3066
2598
3067
2599
3068
3069
6266
2601
2690
2602
2691
2603
2692
2604
2693
2694
5822
2606
2760
2607
2761
2608
2762
2609
2763
2764
5475
2611
2705
2612
2706
2613
2707
2614
2708
2709
5918
2616
2685
2617
2686
2618
2687
2619
2688
2689
6425
2621
2950
2990
2622
2951
2991
2623
2952
2992
2624
2953
2993
2954
2994
6209
2626
2860
3115
2627
2861
3116
2628
2862
3117
2629
2863
3118
2864
3119
5945
2631
2795
2800
2632
2796
2801
2633
2797
2802
2634
2798
2803
2799
2804
5434
2636
2730
3000
2637
2731
3001
2638
2732
3002
2639
2733
3003
2734
3004
6186
2641
2680
3075
2642
2681
3076
2643
2682
3077
2644
2683
3078
2684
3079
6000
2646
2740
3055
2647
2741
3056
2648
2742
3057
2649
2743
3058
2744
3059
6247
2651
2845
2652
2846
2653
2847
2654
2848
2849
5946
2656
2850
2885
2657
2851
2886
2658
2852
2887
2659
2853
2888
2854
2889
6065
2661
2665
2670
2662
2666
2671
2663
2667
2672
2664
2668
2673
2669
2674
4834
2666
2900
2667
2901
2668
2902
2669
2903
2904
4577
2671
3180
2672
3181
2673
3182
2674
3183
3184
4546
2676
2680
2905
2677
2681
2906
2678
2682
2907
2679
2683
2908
2684
2909
4712
2681
3325
2682
3326
2683
3327
2684
3328
3329
6346
2686
2710
2770
2687
2711
2771
2688
2712
2772
2689
2713
2773
2714
2774
6024
2691
2750
3080
2692
2751
3081
2693
2752
3082
2694
2753
3083
2754
3084
6179
2696
2955
2980
2697
2956
2981
2698
2957
2982
2699
2958
2983
2959
2984
5292
2701
2755
3040
2702
2756
3041
2703
2757
3042
2704
2758
3043
2759
3044
5948
2706
2710
2930
2707
2711
2931
2708
2712
2932
2709
2713
2933
2714
2934
6414
2711
3330
2712
3331
2713
3332
2714
3333
3334
6527
2716
2875
2905
2717
2876
2906
2718
2877
2907
2719
2878
2908
2879
2909
6171
2721
2850
2722
2851
2723
2852
2724
2853
2854
6412
2726
2730
2840
2727
2731
2841
2728
2732
2842
2729
2733
2843
2734
2844
6189
2731
3160
2732
3161
2733
3162
2734
3163
3164
6503
2736
2740
2870
2737
2741
2871
2738
2742
2872
2739
2743
2873
2744
2874
5988
2741
3175
2742
3176
2743
3177
2744
3178
3179
4438
2746
2750
2755
2747
2751
2756
2748
2752
2757
2749
2753
2758
2754
2759
5453
2751
3360
2752
3361
2753
3362
2754
3363
3364
5464
2756
3460
2757
3461
2758
3462
2759
3463
3464
6399
2761
2910
2762
2911
2763
2912
2764
2913
2914
5181
2766
2770
2775
2767
2771
2776
2768
2772
2777
2769
2773
2778
2774
2779
5643
2771
3625
2772
3626
2773
3627
2774
3628
3629
4677
2776
3610
2777
3611
2778
3612
2779
3613
3614
4670
2781
3005
2782
3006
2783
3007
2784
3008
3009
6451
2786
2880
3020
2787
2881
3021
2788
2882
3022
2789
2883
3023
2884
3024
6032
2791
3035
2792
3036
2793
3037
2794
3038
3039
4911
2796
2855
2797
2856
2798
2857
2799
2858
2859
4511
2801
2865
2802
2866
2803
2867
2804
2868
2869
5554
2806
2825
3110
2807
2826
3111
2808
2827
3112
2809
2828
3113
2829
3114
5916
2811
2815
2830
2812
2816
2831
2813
2817
2832
2814
2818
2833
2819
2834
5342
2816
3255
2817
3256
2818
3257
2819
3258
3259
5374
2821
2825
2830
2822
2826
2831
2823
2827
2832
2824
2828
2833
2829
2834
4483
2826
3540
2827
3541
2828
3542
2829
3543
3544
6473
2831
3565
2832
3566
2833
3567
2834
3568
3569
4826
2836
2840
2960
2837
2841
2961
2838
2842
2962
2839
2843
2963
2844
2964
6533
2841
3265
2842
3266
2843
3267
2844
3268
3269
6262
2846
2860
3000
2847
2861
3001
2848
2862
3002
2849
2863
3003
2864
3004
6462
2851
3365
2852
3366
2853
3367
2854
3368
3369
6514
2856
2865
2940
2857
2866
2941
2858
2867
2942
2859
2868
2943
2869
2944
4437
2861
3235
2862
3236
2863
3237
2864
3238
3239
5943
2866
3230
2867
3231
2868
3232
2869
3233
3234
4844
2871
2925
2872
2926
2873
2927
2874
2928
2929
5491
2876
3280
2877
3281
2878
3282
2879
3283
3284
5409
2881
2970
3135
2882
2971
3136
2883
2972
3137
2884
2973
3138
2974
3139
5641
2886
2935
3370
2887
2936
3371
2888
2937
3372
2889
2938
3373
2939
3374
6512
2891
2895
2995
2892
2896
2996
2893
2897
2997
2894
2898
2998
2899
2999
5170
2896
3345
2897
3346
2898
3347
2899
3348
3349
4544
2901
2945
3185
2902
2946
3186
2903
2947
3187
2904
2948
3188
2949
3189
4606
2906
3145
2907
3146
2908
3147
2909
3148
3149
5316
2911
2935
3095
2912
2936
3096
2913
2937
3097
2914
2938
3098
2939
3099
6333
2916
3105
3350
2917
3106
3351
2918
3107
3352
2919
3108
3353
3109
3354
5545
2921
2925
3125
2922
2926
3126
2923
2927
3127
2924
2928
3128
2929
3129
5895
2926
3295
2927
3296
2928
3297
2929
3298
3299
5987
2931
3155
3335
2932
3156
3336
2933
3157
3337
2934
3158
3338
3159
3339
4667
2936
3240
2937
3241
2938
3242
2939
3243
3244
6328
2941
3070
2942
3071
2943
3072
2944
3073
3074
4845
2946
3250
2947
3251
2948
3252
2949
3253
3254
5367
2951
3015
3170
2952
3016
3171
2953
3017
3172
2954
3018
3173
3019
3174
6390
2956
2960
3605
2957
2961
3606
2958
2962
3607
2959
2963
3608
2964
3609
5260
2961
3405
2962
3406
2963
3407
2964
3408
3409
6261
2966
3030
3060
2967
3031
3061
2968
3032
3062
2969
3033
3063
3034
3064
6438
2971
3130
3150
2972
3131
3151
2973
3132
3152
2974
3133
3153
3134
3154
4642
2976
2980
3045
2977
2981
3046
2978
2982
3047
2979
2983
3048
2984
3049
5712
2981
3395
2982
3396
2983
3397
2984
3398
3399
5169
2986
2990
2995
2987
2991
2996
2988
2992
2997
2989
2993
2998
2994
2999
6448
2991
3425
2992
3426
2993
3427
2994
3428
3429
4721
2996
3665
2997
3666
2998
3667
2999
3668
3669
5249
3001
3140
3002
3141
3003
3142
3004
3143
3144
5798
3006
3225
3007
3226
3008
3227
3009
3228
3229
6455
3011
3015
3190
3012
3016
3191
3013
3017
3192
3014
3018
3193
3019
3194
5571
3016
3480
3017
3481
3018
3482
3019
3483
3484
5799
3021
3200
3022
3201
3023
3202
3024
3203
3204
5191
3026
3230
3275
3027
3231
3276
3028
3232
3277
3029
3233
3278
3234
3279
5219
3031
3220
3032
3221
3033
3222
3034
3223
3224
5509
3036
3040
3045
3037
3041
3046
3038
3042
3047
3039
3043
3048
3044
3049
4639
3041
3445
3042
3446
3043
3447
3044
3448
3449
6142
3046
3695
3047
3696
3048
3697
3049
3698
3699
5626
3051
3055
3060
3052
3056
3061
3053
3057
3062
3054
3058
3063
3059
3064
6427
3056
3475
3057
3476
3058
3477
3059
3478
3479
6211
3061
3495
3062
3496
3063
3497
3064
3498
3499
6437
3066
3070
3095
3067
3071
3096
3068
3072
3097
3069
3073
3098
3074
3099
6381
3071
3455
3072
3456
3073
3457
3074
3458
3459
4775
3076
3080
3615
3077
3081
3616
3078
3082
3617
3079
3083
3618
3084
3619
4637
3081
3530
3082
3531
3083
3532
3084
3533
3534
4495
3086
3120
3130
3087
3121
3131
3088
3122
3132
3089
3123
3133
3124
3134
5115
3091
3275
3285
3092
3276
3286
3093
3277
3287
3094
3278
3288
3279
3289
5550
3096
3215
3097
3216
3098
3217
3099
3218
3219
5844
3101
3115
3125
3102
3116
3126
3103
3117
3127
3104
3118
3128
3119
3129
6240
3106
3110
3580
3107
3111
3581
3108
3112
3582
3109
3113
3583
3114
3584
5247
3111
3555
3112
3556
3113
3557
3114
3558
3559
4475
3116
3310
3117
3311
3118
3312
3119
3313
3314
6046
3121
3260
3122
3261
3123
3262
3124
3263
3264
6200
3126
3195
3127
3196
3128
3197
3129
3198
3199
5164
3131
3525
3132
3526
3133
3527
3134
3528
3529
5590
3136
3205
3380
3137
3206
3381
3138
3207
3382
3139
3208
3383
3209
3384
5040
3141
3165
3390
3142
3166
3391
3143
3167
3392
3144
3168
3393
3169
3394
5162
3146
3290
3385
3147
3291
3386
3148
3292
3387
3149
3293
3388
3294
3389
5177
3151
3375
3620
3152
3376
3621
3153
3377
3622
3154
3378
3623
3379
3624
5361
3156
3210
3157
3211
3158
3212
3159
3213
3214
4839
3161
3165
3270
3162
3166
3271
3163
3167
3272
3164
3168
3273
3169
3274
6254
3166
3715
3167
3716
3168
3717
3169
3718
3719
4862
3171
3355
3420
3172
3356
3421
3173
3357
3422
3174
3358
3423
3359
3424
5562
3176
3305
3475
3177
3306
3476
3178
3307
3477
3179
3308
3478
3309
3479
6197
3181
3185
3190
3182
3186
3191
3183
3187
3192
3184
3188
3193
3189
3194
6228
3186
3430
3187
3431
3188
3432
3189
3433
3434
6244
3191
3440
3192
3441
3193
3442
3194
3443
3444
6472
3196
3300
3320
3197
3301
3321
3198
3302
3322
3199
3303
3323
3304
3324
5904
3201
3205
3210
3202
3206
3211
3203
3207
3212
3204
3208
3213
3209
3214
5026
3206
3875
3207
3876
3208
3877
3209
3878
3879
5119
3211
3860
3212
3861
3213
3862
3214
3863
3864
5022
3216
3245
3450
3217
3246
3451
3218
3247
3452
3219
3248
3453
3249
3454
4601
3221
3225
3490
3222
3226
3491
3223
3227
3492
3224
3228
3493
3229
3494
5701
3226
3250
3227
3251
3228
3252
3229
3253
3254
5426
3231
3545
3232
3546
3233
3547
3234
3548
3549
5552
3236
3315
3390
3237
3316
3391
3238
3317
3392
3239
3318
3393
3319
3394
5713
3241
3245
3515
3242
3246
3516
3243
3247
3517
3244
3248
3518
3249
3519
4838
3246
3655
3247
3656
3248
3657
3249
3658
3659
4444
3251
3400
3252
3401
3253
3402
3254
3403
3404
5384
3256
3260
3575
3257
3261
3576
3258
3262
3577
3259
3263
3578
3264
3579
5015
3261
3520
3262
3521
3263
3522
3264
3523
3524
5695
3266
3270
3410
3267
3271
3411
3268
3272
3412
3269
3273
3413
3274
3414
5604
3271
3720
3272
3721
3273
3722
3274
3723
3724
4489
3276
3415
3277
3416
3278
3417
3279
3418
3419
6174
3281
3285
3290
3282
3286
3291
3283
3287
3292
3284
3288
3293
3289
3294
5188
3286
3810
3287
3811
3288
3812
3289
3813
3814
4518
3291
3780
3292
3781
3293
3782
3294
3783
3784
5341
3296
3300
3305
3297
3301
3306
3298
3302
3307
3299
3303
3308
3304
3309
5663
3301
3795
3302
3796
3303
3797
3304
3798
3799
4635
3306
3985
3307
3986
3308
3987
3309
3988
3989
6489
3311
3315
3320
3312
3316
3321
3313
3317
3322
3314
3318
3323
3319
3324
5490
3316
3845
3317
3846
3318
3847
3319
3848
3849
6012
3321
3800
3322
3801
3323
3802
3324
3803
3804
5863
3326
3385
3510
3327
3386
3511
3328
3387
3512
3329
3388
3513
3389
3514
5519
3331
3340
3585
3332
3341
3586
3333
3342
3587
3334
3343
3588
3344
3589
5588
3336
3340
4025
3337
3341
4026
3338
3342
4027
3339
3343
4028
3344
4029
5934
3341
4050
3342
4051
3343
4052
3344
4053
4054
5694
3346
3350
3670
3347
3351
3671
3348
3352
3672
3349
3353
3673
3354
3674
6366
3351
3590
3352
3591
3353
3592
3354
3593
3594
5860
3356
3485
3630
3357
3486
3631
3358
3487
3632
3359
3488
3633
3489
3634
4725
3361
3465
3535
3362
3466
3536
3363
3467
3537
3364
3468
3538
3469
3539
5460
3366
3550
3367
3551
3368
3552
3369
3553
3554
6400
3371
3515
3550
3372
3516
3551
3373
3517
3552
3374
3518
3553
3519
3554
5336
3376
3380
3790
3377
3381
3791
3378
3382
3792
3379
3383
3793
3384
3794
5034
3381
3885
3382
3886
3383
3887
3384
3888
3889
6282
3386
3740
3387
3741
3388
3742
3389
3743
3744
4451
3391
4000
3392
4001
3393
4002
3394
4003
4004
5947
3396
3600
3705
3397
3601
3706
3398
3602
3707
3399
3603
3708
3604
3709
6057
3401
3435
3500
3402
3436
3501
3403
3437
3502
3404
3438
3503
3439
3504
5431
3406
3410
3765
3407
3411
3766
3408
3412
3767
3409
3413
3768
3414
3769
4944
3411
3815
3412
3816
3413
3817
3414
3818
3819
5603
3416
3505
3645
3417
3506
3646
3418
3507
3647
3419
3508
3648
3509
3649
4901
3421
3425
4020
3422
3426
4021
3423
3427
4022
3424
3428
4023
3429
4024
5575
3426
3955
3427
3956
3428
3957
3429
3958
3959
4940
3431
3435
3440
3432
3436
3441
3433
3437
3442
3434
3438
3443
3439
3444
5807
3436
3825
3437
3826
3438
3827
3439
3828
3829
5753
3441
3840
3442
3841
3443
3842
3444
3843
3844
4608
3446
3470
3700
3447
3471
3701
3448
3472
3702
3449
3473
3703
3474
3704
4734
3451
3455
3650
3452
3456
3651
3453
3457
3652
3454
3458
3653
3459
3654
5352
3456
3545
3457
3546
3458
3547
3459
3548
3549
5238
3461
3465
3470
3462
3466
3471
3463
3467
3472
3464
3468
3473
3469
3474
4735
3466
3945
3467
3946
3468
3947
3469
3948
3949
6227
3471
3855
3472
3856
3473
3857
3474
3858
3859
6373
3476
3675
3477
3676
3478
3677
3479
3678
3679
6169
3481
3485
3840
3482
3486
3841
3483
3487
3842
3484
3488
3843
3489
3844
6477
3486
3865
3487
3866
3488
3867
3489
3868
3869
4605
3491
3495
3500
3492
3496
3501
3493
3497
3502
3494
3498
3503
3499
3504
4699
3496
3675
3497
3676
3498
3677
3499
3678
3679
5383
3501
3895
3502
3896
3503
3897
3504
3898
3899
5942
3506
3545
3660
3507
3546
3661
3508
3547
3662
3509
3548
3663
3549
3664
6394
3511
3615
3690
3512
3616
3691
3513
3617
3692
3514
3618
3693
3619
3694
4714
3516
3710
3517
3711
3518
3712
3519
3713
3714
6303
3521
3525
3785
3522
3526
3786
3523
3527
3787
3524
3528
3788
3529
3789
4645
3526
3620
3527
3621
3528
3622
3529
3623
3624
5541
3531
3535
3685
3532
3536
3686
3533
3537
3687
3534
3538
3688
3539
3689
4633
3536
3975
3537
3976
3538
3977
3539
3978
3979
5020
3541
3560
3570
3542
3561
3571
3543
3562
3572
3544
3563
3573
3564
3574
4993
3546
3547
3548
3549
4436
3551
3610
3552
3611
3553
3612
3554
3613
3614
5481
3556
3560
3735
3557
3561
3736
3558
3562
3737
3559
3563
3738
3564
3739
5612
3561
3990
3562
3991
3563
3992
3564
3993
3994
4867
3566
3570
3575
3567
3571
3576
3568
3572
3577
3569
3573
3578
3574
3579
5696
3571
3775
3572
3776
3573
3777
3574
3778
3779
5124
3576
3785
3577
3786
3578
3787
3579
3788
3789
5373
3581
3595
3730
3582
3596
3731
3583
3597
3732
3584
3598
3733
3599
3734
5875
3586
3625
3750
3587
3626
3751
3588
3627
3752
3589
3628
3753
3629
3754
5709
3591
3595
3925
3592
3596
3926
3593
3597
3927
3594
3598
3928
3599
3929
5853
3596
3830
3597
3831
3598
3832
3599
3833
3834
4962
3601
3605
4040
3602
3606
4041
3603
3607
4042
3604
3608
4043
3609
4044
5887
3606
3760
3607
3761
3608
3762
3609
3763
3764
5263
3611
3640
3612
3641
3613
3642
3614
3643
3644
5913
3616
3680
3617
3681
3618
3682
3619
3683
3684
6159
3621
3635
3622
3636
3623
3637
3624
3638
3639
5896
3626
3640
3627
3641
3628
3642
3629
3643
3644
5915
3631
4015
4160
3632
4016
4161
3633
4017
4162
3634
4018
4163
4019
4164
4709
3636
3965
4005
3637
3966
4006
3638
3967
4007
3639
3968
4008
3969
4009
5957
3641
3710
3642
3711
3643
3712
3644
3713
3714
5193
3646
3810
3850
3647
3811
3851
3648
3812
3852
3649
3813
3853
3814
3854
4587
3651
3655
3660
3652
3656
3661
3653
3657
3662
3654
3658
3663
3659
3664
4545
3656
3835
3657
3836
3658
3837
3659
3838
3839
4905
3661
3850
3662
3851
3663
3852
3664
3853
3854
6097
3666
3670
3955
3667
3671
3956
3668
3672
3957
3669
3673
3958
3674
3959
4969
3671
3920
3672
3921
3673
3922
3674
3923
3924
5854
3676
3900
3677
3901
3678
3902
3679
3903
3904
5617
3681
3685
3915
3682
3686
3916
3683
3687
3917
3684
3688
3918
3689
3919
6153
3686
4170
3687
4171
3688
4172
3689
4173
4174
4913
3691
3745
3910
3692
3746
3911
3693
3747
3912
3694
3748
3913
3749
3914
6301
3696
3700
3705
3697
3701
3706
3698
3702
3707
3699
3703
3708
3704
3709
6406
3701
3930
3702
3931
3703
3932
3704
3933
3934
6532
3706
3870
3707
3871
3708
3872
3709
3873
3874
4630
3711
3755
3712
3756
3713
3757
3714
3758
3759
5592
3716
3725
4030
3717
3726
4031
3718
3727
4032
3719
3728
4033
3729
4034
5699
3721
3725
3820
3722
3726
3821
3723
3727
3822
3724
3728
3823
3729
3824
6255
3726
4100
3727
4101
3728
4102
3729
4103
4104
6295
3731
3735
3770
3732
3736
3771
3733
3737
3772
3734
3738
3773
3739
3774
5526
3736
4195
3737
4196
3738
4197
3739
4198
4199
4898
3741
3745
3780
3742
3746
3781
3743
3747
3782
3744
3748
3783
3749
3784
6277
3746
4320
3747
4321
3748
4322
3749
4323
4324
5882
3751
3755
4010
3752
3756
4011
3753
3757
4012
3754
3758
4013
3759
4014
6380
3756
3835
3757
3836
3758
3837
3759
3838
3839
5186
3761
3765
4230
3762
3766
4231
3763
3767
4232
3764
3768
4233
3769
4234
4989
3766
4345
3767
4346
3768
4347
3769
4348
4349
5900
3771
3830
4045
3772
3831
4046
3773
3832
4047
3774
3833
4048
3834
4049
5084
3776
3970
3995
3777
3971
3996
3778
3972
3997
3779
3973
3998
3974
3999
6397
3781
4055
3782
4056
3783
4057
3784
4058
4059
5392
3786
3970
3787
3971
3788
3972
3789
3973
3974
6378
3791
3965
4065
3792
3966
4066
3793
3967
4067
3794
3968
4068
3969
4069
4522
3796
3805
4060
3797
3806
4061
3798
3807
4062
3799
3808
4063
3809
4064
4937
3801
3805
3845
3802
3806
3846
3803
3807
3847
3804
3808
3848
3809
3849
5618
3806
4080
3807
4081
3808
4082
3809
4083
4084
4825
3811
4055
3812
4056
3813
4057
3814
4058
4059
5779
3816
3820
4325
3817
3821
4326
3818
3822
4327
3819
3823
4328
3824
4329
6258
3821
4250
3822
4251
3823
4252
3824
4253
4254
5175
3826
3905
4095
3827
3906
4096
3828
3907
4097
3829
3908
4098
3909
4099
4861
3831
4105
3832
4106
3833
4107
3834
4108
4109
6354
3836
4090
3837
4091
3838
4092
3839
4093
4094
4662
3841
4095
3842
4096
3843
4097
3844
4098
4099
4981
3846
3960
3847
3961
3848
3962
3849
3963
3964
5474
3851
4090
3852
4091
3853
4092
3854
4093
4094
6528
3856
3935
3950
3857
3936
3951
3858
3937
3952
3859
3938
3953
3939
3954
5949
3861
3880
4025
3862
3881
4026
3863
3882
4027
3864
3883
4028
3884
4029
5930
3866
4115
4135
3867
4116
4136
3868
4117
4137
3869
4118
4138
4119
4139
6088
3871
3940
4035
3872
3941
4036
3873
3942
4037
3874
3943
4038
3944
4039
5497
3876
3880
3890
3877
3881
3891
3878
3882
3892
3879
3883
3893
3884
3894
5879
3881
4110
3882
4111
3883
4112
3884
4113
4114
5649
3886
3890
4070
3887
3891
4071
3888
3892
4072
3889
3893
4073
3894
4074
5358
3891
4285
3892
4286
3893
4287
3894
4288
4289
6267
3896
3900
3905
3897
3901
3906
3898
3902
3907
3899
3903
3908
3904
3909
5547
3901
3985
3902
3986
3903
3987
3904
3988
3989
6474
3906
4085
3907
4086
3908
4087
3909
4088
4089
5544
3911
3915
4315
3912
3916
4316
3913
3917
4317
3914
3918
4318
3919
4319
6238
3916
4340
3917
4341
3918
4342
3919
4343
4344
5880
3921
3925
4185
3922
3926
4186
3923
3927
4187
3924
3928
4188
3929
4189
5705
3926
4255
3927
4256
3928
4257
3929
4258
4259
5657
3931
3935
3940
3932
3936
3941
3933
3937
3942
3934
3938
3943
3939
3944
5614
3936
4275
3937
4276
3938
4277
3939
4278
4279
5507
3941
4295
3942
4296
3943
4297
3944
4298
4299
6116
3946
3950
3980
3947
3951
3981
3948
3952
3982
3949
3953
3983
3954
3984
6371
3951
4140
3952
4141
3953
4142
3954
4143
4144
4573
3956
4175
3957
4176
3958
4177
3959
4178
4179
5543
3961
4000
4155
3962
4001
4156
3963
4002
4157
3964
4003
4158
4004
4159
5624
3966
4190
3967
4191
3968
4192
3969
4193
4194
5956
3971
4005
3972
4006
3973
4007
3974
4008
4009
4654
3976
3980
4290
3977
3981
4291
3978
3982
4292
3979
3983
4293
3984
4294
6010
3981
4310
3982
4311
3983
4312
3984
4313
4314
4910
3986
4060
3987
4061
3988
4062
3989
4063
4064
6242
3991
3995
4205
3992
3996
4206
3993
3997
4207
3994
3998
4208
3999
4209
5954
3996
4215
3997
4216
3998
4217
3999
4218
4219
5952
4001
4030
4002
4031
4003
4032
4004
4033
4034
6018
4006
4210
4007
4211
4008
4212
4009
4213
4214
6008
4011
4050
4165
4012
4051
4166
4013
4052
4167
4014
4053
4168
4054
4169
4692
4016
4020
4335
4017
4021
4336
4018
4022
4337
4019
4023
4338
4024
4339
5256
4021
4180
4022
4181
4023
4182
4024
4183
4184
6251
4026
4120
4027
4121
4028
4122
4029
4123
4124
5241
4031
4240
4032
4241
4033
4242
4034
4243
4244
6148
4036
4040
4305
4037
4041
4306
4038
4042
4307
4039
4043
4308
4044
4309
5953
4041
4230
4042
4231
4043
4232
4044
4233
4234
5607
4046
4200
4375
4047
4201
4376
4048
4202
4377
4049
4203
4378
4204
4379
5139
4051
4130
4052
4131
4053
4132
4054
4133
4134
6064
4056
4225
4057
4226
4058
4227
4059
4228
4229
6207
4061
4075
4062
4076
4063
4077
4064
4078
4079
5600
4066
4070
4280
4067
4071
4281
4068
4072
4282
4069
4073
4283
4074
4284
4801
4071
4350
4072
4351
4073
4352
4074
4353
4354
6005
4076
4080
4085
4077
4081
4086
4078
4082
4087
4079
4083
4088
4084
4089
5599
4081
4235
4082
4236
4083
4237
4084
4238
4239
6245
4086
4150
4087
4151
4088
4152
4089
4153
4154
5601
4091
4165
4092
4166
4093
4167
4094
4168
4169
6524
4096
4115
4097
4116
4098
4117
4099
4118
4119
6387
4101
4335
4360
4102
4336
4361
4103
4337
4362
4104
4338
4363
4339
4364
5834
4106
4245
4255
4107
4246
4256
4108
4247
4257
4109
4248
4258
4249
4259
6389
4111
4125
4260
4112
4126
4261
4113
4127
4262
4114
4128
4263
4129
4264
4464
4116
4150
4117
4151
4118
4152
4119
4153
4154
6004
4121
4125
4130
4122
4126
4131
4123
4127
4132
4124
4128
4133
4129
4134
5971
4126
4355
4127
4356
4128
4357
4129
4358
4359
5230
4131
4265
4132
4266
4133
4267
4134
4268
4269
5922
4136
4145
4160
4137
4146
4161
4138
4147
4162
4139
4148
4163
4149
4164
6084
4141
4270
4380
4142
4271
4381
4143
4272
4382
4144
4273
4383
4274
4384
6466
4146
4155
4240
4147
4156
4241
4148
4157
4242
4149
4158
4243
4159
4244
4562
4151
4235
4152
4236
4153
4237
4154
4238
4239
5658
4156
4235
4157
4236
4158
4237
4159
4238
4239
5800
4161
4360
4162
4361
4163
4362
4164
4363
4364
6475
4166
4225
4167
4226
4168
4227
4169
4228
4229
5195
4171
4290
4350
4172
4291
4351
4173
4292
4352
4174
4293
4353
4294
4354
5938
4176
4180
4185
4177
4181
4186
4178
4182
4187
4179
4183
4188
4184
4189
6367
4181
4415
4182
4416
4183
4417
4184
4418
4419
4915
4186
4425
4187
4426
4188
4427
4189
4428
4429
4703
4191
4220
4330
4192
4221
4331
4193
4222
4332
4194
4223
4333
4224
4334
5897
4196
4200
4205
4197
4201
4206
4198
4202
4207
4199
4203
4208
4204
4209
5001
4201
4400
4202
4401
4203
4402
4204
4403
4404
4918
4206
4410
4207
4411
4208
4412
4209
4413
4414
5613
4211
4215
4220
4212
4216
4221
4213
4217
4222
4214
4218
4223
4219
4224
5890
4216
4405
4217
4406
4218
4407
4219
4408
4409
5925
4221
4385
4222
4386
4223
4387
4224
4388
4389
5648
4226
4265
4227
4266
4228
4267
4229
4268
4269
5908
4231
4365
4232
4366
4233
4367
4234
4368
4369
5378
4236
4237
4238
4239
5664
4241
4360
4242
4361
4243
4362
4244
4363
4364
6162
4246
4345
4365
4247
4346
4366
4248
4347
4367
4249
4348
4368
4349
4369
5874
4251
4335
4415
4252
4336
4416
4253
4337
4417
4254
4338
4418
4339
4419
6274
4256
4370
4257
4371
4258
4372
4259
4373
4374
6531
4261
4285
4315
4262
4286
4316
4263
4287
4317
4264
4288
4318
4289
4319
6182
4266
4320
4267
4321
4268
4322
4269
4323
4324
5591
4271
4275
4395
4272
4276
4396
4273
4277
4397
4274
4278
4398
4279
4399
5510
4276
4300
4277
4301
4278
4302
4279
4303
4304
5581
4281
4290
4330
4282
4291
4331
4283
4292
4332
4284
4293
4333
4294
4334
6264
4286
4340
4287
4341
4288
4342
4289
4343
4344
6283
4291
4292
4293
4294
5116
4296
4300
4305
4297
4301
4306
4298
4302
4307
4299
4303
4308
4304
4309
4610
4301
4420
4302
4421
4303
4422
4304
4423
4424
5778
4306
4390
4307
4391
4308
4392
4309
4393
4394
4622
4311
4330
4380
4312
4331
4381
4313
4332
4382
4314
4333
4383
4334
4384
6403
4316
4355
4317
4356
4318
4357
4319
4358
4359
4953
4321
4355
4322
4356
4323
4357
4324
4358
4359
5597
4326
4345
4370
4327
4346
4371
4328
4347
4372
4329
4348
4373
4349
4374
6350
4331
4332
4333
4334
5019
4336
4337
4338
4339
6388
4341
4350
4342
4351
4343
4352
4344
4353
4354
6279
4346
4347
4348
4349
6534
4351
4352
4353
4354
5932
4356
4357
4358
4359
5891
4361
4362
4363
4364
5755
4366
4375
4367
4376
4368
4377
4369
4378
4379
5569
4371
4425
4372
4426
4373
4427
4374
4428
4429
6167
4376
4390
4377
4391
4378
4392
4379
4393
4394
5866
4381
4385
4382
4386
4383
4387
4384
4388
4389
6068
4386
4395
4387
4396
4388
4397
4389
4398
4399
5899
4391
4400
4392
4401
4393
4402
4394
4403
4404
5271
4396
4405
4397
4406
4398
4407
4399
4408
4409
6026
4401
4420
4402
4421
4403
4422
4404
4423
4424
5676
4406
4410
4407
4411
4408
4412
4409
4413
4414
6043
4411
4420
4412
4421
4413
4422
4414
4423
4424
5926
4416
4425
4417
4426
4418
4427
4419
4428
4429
5107
4421
4422
4423
4424
5667
4426
4427
4428
4429
4468
4432
4462
4778
4469
4752
5099
5393
4471
4807
4968
4721
4768
4940
6482
4515
5757
5758
6360
4692
5583
5830
6380
5238
5436
6395
4511
4845
4896
5988
6197
6247
4881
5331
5339
6345
4511
4853
5560
4992
5136
5372
5439
4765
4767
5367
4781
5593
5708
4838
5239
6329
4736
5171
5736
6232
4448
4551
5576
6075
4799
4925
4980
6070
5044
6164
6530
4462
4968
5092
6122
4642
5360
5361
5884
5117
5177
6277
4481
4490
5978
6037
4954
5992
6291
6347
4478
4722
5106
6062
4488
4951
5396
4620
6034
6298
4510
5683
5745
4463
4465
4481
4497
4925
5270
5445
4535
4963
4991
5801
5332
6109
6436
6118
4589
5190
5608
4638
5230
5649
4486
4711
4951
4477
4798
5691
4485
4656
5122
5516
4473
4703
6167
4724
5296
5401
5654
6314
6424
4474
5985
4598
4848
6314
6424
5107
5576
6275
4806
4854
5247
5876
5916
4699
5942
6044
6308
5411
5991
4859
5231
5967
4984
5478
6141
6493
4695
5000
5609
5873
4488
5190
4990
5420
5462
5797
5012
5125
6473
4918
5139
5605
5873
4582
5295
5502
4589
5918
4833
5028
5141
6444
5120
5604
6254
6255
5120
5498
5733
4882
5246
5804
5958
5382
5418
5687
6073
5488
5629
5638
6299
4646
4966
5639
4633
4641
6179
5384
5426
6044
6449
4532
5955
5978
4708
5646
5794
6107
4508
5043
5532
4558
5006
5999
6405
4531
4893
5846
6151
4779
4807
5353
6173
4539
5277
6189
5277
5291
5886
4766
5156
6112
5074
5311
6036
4537
5057
5452
5726
5300
6205
4581
4745
5815
4672
5814
5432
4516
5062
5512
5529
4625
5500
6344
6347
5378
5569
5849
5898
4957
5291
5471
4806
4961
5939
5220
5235
5826
6315
5188
5406
5779
4558
4676
5582
6020
4531
4621
5102
5279
5445
5852
6484
4801
5034
5956
4704
4912
5528
5836
4785
5253
5428
6117
4808
5661
6001
6495
4600
5782
6492
4730
5538
5871
6061
5216
6237
6248
6269
4612
5381
6001
6496
5300
5836
6205
6292
5035
5832
4711
5303
5802
4711
5311
6331
6422
5662
6271
6324
6464
4720
5043
4564
5083
5723
6297
4991
5368
5731
5290
5368
5870
6049
6507
4682
5456
5721
6478
4577
4834
6239
6292
5180
5686
6191
6361
4952
5476
5865
6428
5170
5534
6234
4905
4983
6097
4834
5147
6228
4832
4935
5053
5707
4570
4735
5006
6373
5521
5688
6047
6273
4585
4924
5327
5941
6256
6410
5054
6099
6231
4556
4916
5740
6297
4597
4698
4994
4871
5031
5582
6401
5083
5114
6369
5309
5889
6078
6089
5579
6398
4741
6319
6337
6445
5094
5319
5724
5772
4736
5723
5941
6075
5201
5800
6250
5145
5714
6256
6275
5267
5685
6075
5461
5734
6252
6351
4866
5204
5261
6083
5257
5258
5775
4666
4763
5380
5430
4673
4771
6096
6191
4573
5580
6371
5188
5220
5406
5409
5240
5983
6110
6452
5949
6466
4583
5744
6338
6271
6497
6499
5169
5712
6230
6369
4606
4765
5760
5941
6223
6413
4609
5089
5470
5921
4686
4816
4833
4837
4972
6118
4656
4659
4800
4809
5473
5474
5618
6248
5265
5451
6331
6416
6422
6425
4901
5038
6528
4755
5315
5364
6194
4839
5268
5455
6141
4968
5106
5669
6361
4602
4775
5238
6391
4650
4784
5146
5485
4778
4807
5814
5049
5457
5561
6319
4662
5186
5223
5506
4745
4929
4636
5427
6445
4646
5200
6178
5504
5505
6411
5352
5844
6329
4727
5844
6381
4604
5348
5848
6459
4609
6426
6458
4607
6088
6477
5367
6244
4725
4851
6272
4981
5525
5862
5865
6459
4622
5611
6116
4717
5159
5251
5304
5434
5555
5559
5440
5442
6323
4811
4930
4939
6493
4742
4941
5213
5357
5719
6098
6457
6460
5435
5771
6029
6117
4914
5275
6129
4914
4990
5273
5278
4846
6436
5187
5843
5847
5271
5953
4630
5501
6230
6406
4653
4942
5398
5677
4971
5315
6372
5477
5567
6146
6364
5213
5269
5357
5563
4975
6198
6311
6313
4681
4914
5337
5497
6125
4671
4876
5823
6152
4945
5083
5747
5795
4913
5020
4681
5076
5135
4937
5345
5904
4848
5100
5444
4641
6000
6159
5620
6182
6246
4911
5626
6142
4769
4971
4973
5625
4802
5520
5590
5641
4817
5338
5700
4653
4730
4970
5687
5541
5695
6378
5036
5335
5505
5783
4770
4780
5399
5919
5039
5058
5146
5055
6105
4790
5072
6190
4770
5104
5285
5770
5678
6300
5248
5894
6378
5198
5359
5514
6166
5165
5289
4738
5541
5884
5896
4867
5439
5605
5612
5016
6478
4967
5060
5377
6461
4830
5992
6294
4905
6524
5454
5456
5914
5920
5420
5462
6439
4868
4920
5906
5771
6029
6096
4839
5234
6414
4689
5140
5996
6417
4694
5054
5763
4701
5913
6515
4753
4770
5343
5742
5815
5228
5715
6106
5274
6468
6491
5133
5656
6072
6145
4926
6104
6147
5643
6024
6377
4947
5280
5331
6202
4780
5065
5343
5962
4832
5046
6082
5023
5047
4766
6468
4698
5449
6126
5163
5348
5350
6045
5236
5586
5594
6056
5233
5438
6099
4769
4941
5314
6053
5060
5133
6457
6460
5416
5558
6450
4874
4899
5631
5820
4789
5100
5724
6319
4873
6064
5628
5737
6290
6322
5206
5332
4943
5513
6067
4705
5193
5394
6312
4747
4821
5245
6033
5742
5383
5701
5273
5407
5761
6485
4756
5404
5643
5157
5387
5512
5895
5705
6275
4939
4963
5731
5404
5963
6377
5030
5052
5788
6027
4762
4975
5035
6286
4789
5228
5720
4718
4725
6475
4802
4917
5822
6179
6036
5316
5395
5907
4715
5402
5493
5519
6159
6301
5841
6479
4964
5363
5574
6273
4720
5532
5153
5256
5762
4827
5283
5835
5138
6209
6448
5351
5669
5767
5493
5502
5758
6360
5621
5751
6131
5562
4754
5469
6359
6369
4904
5414
5843
5184
5362
5984
6410
4772
4986
5422
5791
5382
6349
4796
6143
6173
4891
5411
5593
5691
5041
5304
6448
6373
6404
6532
6227
6399
5142
5711
5884
6103
6147
6229
5894
6066
6147
5156
5274
5457
6039
4887
6149
6285
6520
5457
6039
4769
4802
5625
4763
4988
5430
6191
5272
5786
6195
6465
5095
5742
5226
5299
5744
5244
5253
5635
5489
5698
5944
6501
4752
5401
5735
4982
5601
5658
6269
5152
5344
5483
5784
6215
6231
4876
5037
5176
6031
6509
4758
4880
5048
4894
5301
5644
4907
4931
4985
5081
4761
5752
6086
4843
5017
5097
6114
4893
5312
5404
5838
4848
5048
5450
5236
5589
6199
4793
5961
4850
4989
5849
5900
4824
5274
6210
6352
6449
4788
5762
5984
4810
5823
4789
5105
5180
5187
5499
6353
5099
5789
5962
6222
4880
4892
5158
5166
4845
6381
5071
5381
5554
5444
5450
6033
6363
5815
4812
5683
5814
5410
6502
5075
5091
5228
5646
6106
4796
5492
5858
5990
4818
5135
5677
4868
5208
4840
5332
6091
6307
5018
5056
5309
6402
4851
5562
6390
5772
5067
5183
4799
5137
5354
4917
4977
5453
6156
5172
5317
5672
5141
5233
6332
5140
6415
6452
6483
5075
5148
5693
6431
5692
5991
6419
4900
5064
6107
6338
6005
6264
5307
4869
5060
5128
6025
4921
5479
5523
6052
4856
5353
6028
6289
6243
5093
5261
5959
5299
5796
5307
5395
6177
5476
6092
6480
5463
6143
5727
6079
6206
6226
5385
5845
5864
5989
5281
5347
5674
5754
5054
5320
5702
6160
5025
5050
4836
5568
6157
5184
5390
5546
5848
5661
5666
6495
5501
5614
6067
6116
4955
5638
5687
5980
5872
6292
6352
4937
5618
6245
5012
5342
5696
5455
6260
5370
5546
5659
6296
5111
5738
5754
5936
5822
6156
4835
5398
5725
5727
6201
5233
6205
4842
5320
5763
4897
5183
5965
5320
5727
6444
5652
6303
5608
5212
5393
6095
5029
6039
6421
4849
5485
6105
5067
6113
4896
5552
5554
4853
5069
6093
5229
5268
5327
5334
5867
5113
5320
5144
5260
6261
5363
5531
5163
5348
5892
6530
5413
5529
5533
5387
5535
5703
6236
5425
6304
6318
4960
5284
6045
6185
5205
5322
5743
6391
5285
5767
5980
5157
5508
5512
4982
5544
5753
5699
6253
6254
6310
6495
6496
4879
4923
5172
5250
5253
5397
5428
5222
5443
5869
4992
5954
4923
6440
6442
5009
5248
5894
6009
5116
5269
6264
4992
5952
6009
6397
5195
5585
5830
5220
5645
5826
4884
4889
6082
5088
5728
5103
5396
5793
4947
5817
6235
6382
4920
5240
5315
6114
5237
5451
6342
4885
5889
6104
5053
5650
5808
6127
5194
6108
6341
4926
5309
6202
5648
5897
6020
6066
6022
6054
6101
5654
6086
6113
6114
6134
6201
6341
5100
5536
5637
5867
5203
6463
5202
5287
6114
5788
6353
5643
5790
5104
5112
5765
6363
5432
6391
5568
6194
6315
5526
5605
5612
5038
5406
5877
5437
5465
6174
6394
5221
5223
5810
5820
4995
5310
5785
6330
5844
5847
6333
5239
5732
5905
6023
6416
5273
5539
6318
5173
5240
5448
5141
5650
6442
5031
6371
6403
6217
6340
4987
5252
6356
5520
5938
5107
6251
6367
5033
5160
6405
5068
6374
5001
5676
4962
5610
5853
6529
6110
5123
6136
4949
5516
6340
6476
5672
5294
5365
6362
5354
6365
4947
6382
4979
5225
5345
5389
5351
5538
5864
6062
5095
5974
6454
4963
5478
6260
5351
5353
5858
5527
5704
6292
6358
5134
5421
5682
5369
5389
6080
6308
5133
6052
6429
5149
5215
5704
6071
5225
5805
6098
6154
6300
6081
6154
5543
5575
5620
6284
5023
5629
5725
5501
5740
6405
5603
5900
6261
5198
6426
6458
5070
5072
5440
6086
5009
4965
4977
5615
5999
5114
5122
5160
4973
5232
5889
6089
6036
6223
6368
6480
5881
6182
6238
4977
5108
6156
5823
6206
6299
5842
5920
6006
6343
5722
6048
6490
4984
5132
5729
5189
5419
6139
6504
5540
5713
5943
5491
5512
5875
6354
5138
5390
5924
6213
5948
6340
6516
5127
5909
5809
6025
5533
5145
5249
5714
5629
5638
5768
5515
6344
5095
5759
6120
5515
5951
5415
5969
6021
6120
6090
6392
4999
5002
5363
5574
5447
5369
5385
5940
6252
5369
5703
5982
5209
5445
6387
6477
5862
6387
5352
5436
5480
5214
5809
5539
5768
5944
5336
5481
6312
5537
6357
6358
5110
5317
5263
5378
5023
5539
5355
6183
4993
5124
5372
5173
6453
5078
5774
6305
5058
5730
6017
6158
5025
5082
5134
5025
5082
5452
5678
5525
5531
5690
5740
5868
5898
5605
5613
5441
6071
6204
5537
5574
5688
6071
5177
5220
5341
5827
5009
5011
5280
6233
5615
6404
5427
5435
5444
6087
5115
5893
6103
6200
6147
5011
5248
5373
6378
5015
5695
5372
6345
5032
5360
5563
5931
5689
5718
5921
6019
5373
5374
5161
5289
5403
5315
5632
6348
5087
5400
6058
5897
6264
6401
5458
6010
5585
5602
5827
6287
5026
5608
5930
5076
5090
5156
5166
6112
5677
5119
5191
5813
6218
6241
6172
6442
6424
6445
5301
6309
6379
5458
6010
5040
5119
6037
5929
5937
6382
5361
6282
6281
6313
5097
5632
5748
6090
6311
5207
5779
6017
6184
5360
5641
5325
5833
6393
5174
5304
6209
5355
5362
5892
6410
5349
5722
6187
6510
5103
5192
5749
5337
5627
6409
5326
5867
5090
5724
5914
5146
6192
5063
5303
6334
6385
5211
5735
6327
5059
5749
5135
5627
5400
5912
5977
5678
5731
6158
5113
5485
5063
5133
5808
6429
5321
5323
6161
6163
5324
5347
5385
5656
5802
5646
6420
5286
5634
5789
5555
5560
6464
6498
6157
5458
5464
6179
6038
6431
5443
5752
6323
5219
5288
6113
5152
5548
5743
5964
5793
6149
6433
5677
5797
5337
6129
6306
5786
5996
6163
6093
6095
6307
5209
6143
6484
5492
6485
6487
5151
5330
5685
5139
5526
6354
5211
5566
6309
5977
6069
6166
6203
5150
5477
6384
5096
5514
5933
5521
5734
6351
5536
5920
5411
6432
5533
5902
5985
6173
5718
5933
5967
5101
5536
5637
6006
5287
5259
5683
5745
6028
5212
5787
5105
5340
6028
6470
5205
5322
6281
5423
5105
5176
5112
5231
5324
6274
6291
6516
5242
5973
6284
6287
5969
6021
5281
5839
6219
5444
6029
6180
5305
6359
5196
5590
5938
6010
5519
6053
6280
5831
5936
6443
5879
5494
5196
5498
6013
5305
5812
6134
6201
5696
6397
5243
5365
5127
5165
5289
6347
6178
6144
6172
6457
5144
5292
6031
6369
5756
5758
6481
5711
5941
6074
6256
5801
6183
5797
5609
5817
6235
5628
5630
5159
5255
5866
6085
6456
5808
5171
5610
5680
5759
6021
6288
5685
6059
5543
6482
5306
5530
5628
6433
6494
5369
5917
6044
6146
6232
6407
5298
5682
6352
5266
5322
5362
5370
5522
5642
5984
6256
6482
5168
5974
6454
6421
5226
5161
6112
6423
5528
6393
5812
5999
5500
5721
5284
6045
6253
5885
6253
5535
5904
6236
5819
5433
5867
5493
5502
6478
5172
6288
5292
6057
5249
5328
5609
5868
5182
6454
5306
5571
6165
6255
6370
5637
5748
5235
5288
5318
5622
5266
5286
5668
6281
5231
5285
5475
5655
6333
5240
5340
6454
5222
5633
5760
5924
5642
5924
6213
6223
5592
6380
5640
5846
5341
5259
5465
6121
5191
6037
6040
6082
6108
5592
5915
6013
6102
5207
5908
5733
5203
5777
5998
5741
5979
5603
5604
6165
6469
5287
6423
5472
6162
6386
5433
5654
6418
5205
5218
5631
6214
6091
6231
5223
6524
5776
6117
5210
5463
6070
6150
6007
6330
5883
6246
5729
5730
6446
6204
6239
6506
5441
5446
5982
5291
5888
6031
6059
5224
5825
5869
5552
6176
5506
5710
5963
6190
6521
5830
5606
6281
6522
5600
6237
5565
5788
6055
6220
6385
5716
5329
6181
6461
6063
6383
5772
5589
5951
6286
5732
5934
5966
5316
6053
5616
5832
5265
5523
6136
5352
5480
5506
5901
5934
5971
5594
5955
5966
5375
6362
5245
5517
5666
6087
5564
5803
6229
5545
5878
6397
5833
5254
6100
6324
5306
5528
5530
5528
5574
6213
6138
5662
6138
6249
6260
6251
6388
5262
6465
5653
6325
5425
6070
5263
5292
5376
6001
5264
5484
5887
5828
6325
5334
5511
5634
5680
5849
5868
5283
5932
6005
5275
5761
5675
5679
5486
6212
5275
6365
5388
5693
5780
6431
5888
5407
5462
5480
5710
6214
5371
5587
5282
5796
5299
5565
6218
5327
5947
6386
6335
6311
6313
6003
6083
5500
5330
5452
6509
5332
5417
5811
6109
5542
5567
6146
5756
6216
5393
5750
5841
6111
6130
5330
5872
5368
5870
5312
5333
5397
5511
5765
5993
5586
6115
5747
6360
5690
5518
6000
5516
5819
6375
5929
5338
6128
6160
6520
5788
6513
6078
6203
6392
6517
5792
5826
5951
6171
6288
5550
6002
5470
5754
6014
5593
5708
5995
5843
5653
5702
5674
6339
5328
6249
5364
5637
5960
5567
5818
5334
5377
5523
6058
6407
5596
5790
6511
5750
6131
5791
6303
5739
6434
5342
5371
6342
5961
5983
5392
5374
6263
6311
5640
5843
5976
5535
5663
5446
5461
5688
5982
5387
6252
6490
5738
6130
6443
5798
5840
6186
5768
5669
6322
5368
5371
5587
6137
5931
6060
5563
6005
6282
5718
5933
6073
6282
5896
5546
5769
5515
5928
5451
6345
5472
5769
6047
6273
5384
5755
5834
5374
6473
5696
5684
5916
5381
6083
5479
5607
5607
5898
5953
6125
5771
5776
5689
6019
5617
6437
5623
6062
5391
5680
6170
6529
5565
5700
5706
6242
6489
6273
6459
5849
5874
6534
5827
6207
6091
5506
5592
6303
6053
6346
6040
5459
5964
5485
6300
5697
6299
6430
6092
6196
5751
6111
6447
6178
6423
6312
5412
5413
6497
6499
5550
6441
5425
6041
6316
6504
6002
6315
5466
5993
6123
5486
6195
6224
6266
5475
5976
6224
5970
6122
5997
6208
5725
5763
6409
5933
5967
5980
5437
6432
6433
5421
6501
6451
5499
6400
6514
5749
5793
6127
5627
6302
6409
6028
5489
5701
5972
6140
5746
5906
5572
5910
6140
6096
5623
5753
5942
5434
5555
6421
6424
5554
5468
5910
6394
6396
5630
6055
6332
6518
5609
5876
6175
5769
6269
5666
6321
5959
6190
5577
6047
5999
6344
6374
6419
6452
5975
6453
5606
5752
6192
5464
6399
5747
6048
6360
5478
5493
6447
6336
5460
5548
5773
6324
5464
6227
5577
5703
5683
6070
5774
6268
6508
5767
6289
6304
6335
5517
6087
5712
6217
5718
6458
5886
5981
6479
6276
6296
5490
5578
6012
5624
6012
5911
5912
6081
6092
6480
5801
6429
6329
5913
6400
5486
6265
6497
5548
6195
6305
5655
5911
6492
5561
5651
6124
6135
6304
6318
6430
6449
6455
5863
6015
5987
5988
6076
6488
5498
6040
5496
5698
6486
6439
6501
5953
6116
6011
5553
6411
6343
5673
5756
5553
5647
6408
5640
6128
6492
6412
5581
5614
5949
5529
5744
5698
5701
6438
5581
6026
6466
5964
6363
5817
5821
6398
5728
5950
6006
6216
6117
5822
6293
6346
5883
6153
6185
6459
5834
6370
6388
5681
5542
5684
5859
6234
6204
6472
5875
5871
6349
6352
6339
5532
6205
5799
6477
6339
5714
5859
6366
5895
5724
5704
6355
5768
5944
5629
5549
5578
5595
5893
5816
6362
6367
5547
5601
5684
5850
5892
5942
6474
6464
5577
5734
6185
5877
5553
6131
6412
6395
5621
5743
5557
5997
6270
6100
6324
6417
5781
5786
6212
6496
6498
6499
6317
6336
5762
6267
5931
5978
5986
6241
6168
6285
5835
5573
6348
5866
5874
5821
5890
5925
6009
5690
5799
5715
6119
6171
6519
5762
6251
6164
6170
5578
6015
5580
5584
6020
6068
6403
6376
6060
6374
5588
5709
5905
5648
5821
5899
5591
5908
5955
6199
6102
6341
5694
5732
5792
5935
5893
5602
5922
6463
5619
6023
5598
5943
5945
5927
6309
5602
5882
5891
5813
5831
5936
5600
5601
6237
6242
5973
6258
6471
5668
5960
5887
5966
5850
5878
5675
5778
6067
5876
5926
5954
6532
5948
6399
5619
5645
5820
6169
6308
5863
5810
6287
5881
6063
6027
6353
6083
6521
6044
6506
5800
6018
6060
6374
5712
6406
6038
6433
6003
6214
5639
6155
5965
6521
5784
5993
6138
6310
6155
6278
6519
5767
6278
6372
5785
6032
6074
6393
6379
6515
5792
6287
6027
6379
5890
5879
5930
5707
5824
6491
5791
5847
6328
6160
6163
5782
5804
6326
5705
5853
6531
5665
6004
5699
6148
6253
5837
5839
6135
6033
6323
6225
5987
6489
5665
5800
6248
6250
6269
5676
5778
5926
5748
6363
6289
5671
5968
5989
5985
6243
5776
6404
6406
6532
5772
6107
5676
5873
6349
5866
5873
5898
6075
6058
6145
6196
6210
6051
5961
6335
6470
5805
6351
5967
6061
6472
6085
6418
6085
6452
6505
5708
6500
5934
6064
6200
5811
6290
6502
5903
6295
5780
5706
6252
5917
5854
5708
6440
5915
6380
5820
5832
5859
6146
5947
6012
5854
6096
5720
6119
6150
6168
6518
5730
6154
6493
6317
6319
5920
6112
5840
5981
5736
6413
6079
6017
6183
6184
6098
6203
6517
6017
6144
5836
6527
6032
5754
6150
6215
5937
6297
6034
6298
6320
5837
6014
5780
6095
6330
6230
5912
6402
6428
5745
6001
6126
5765
6029
6094
5842
5960
5802
6133
6327
5869
5807
6296
6475
6359
6481
6509
6479
5974
5848
6410
5852
6302
5765
5770
6094
6123
5794
6135
6317
6276
5919
6335
5910
5774
5993
6305
5996
5786
6132
6163
6132
6161
6376
6207
6093
5998
6132
6065
6128
6434
5785
6305
5787
5789
5846
6151
6425
6512
6284
6036
6467
6048
6458
6490
6107
6467
6045
6462
6390
5806
5806
5978
6011
5806
6526
5923
6069
6108
5862
6506
6054
6141
5830
6035
6007
6079
5842
6343
5945
5818
6234
6009
5835
6291
6030
5980
6111
6124
6447
5826
5928
6194
6277
6435
6492
6160
6325
6435
5946
5838
6448
6482
6295
6257
6358
6124
6130
5963
6056
6467
6049
6188
6187
5979
6080
6211
6247
6353
6329
5892
5859
5860
5990
6016
6488
5861
5860
6366
5856
6487
6488
5903
6016
6438
6140
6337
6445
5968
6173
6366
6076
6485
6204
5904
5968
6016
6213
6356
6297
6194
5872
5917
6449
6389
5878
5878
6003
6174
6267
6153
6238
6279
5891
6280
6277
6280
5932
6279
5893
6254
6471
6503
6507
6057
6533
5958
6008
6063
6008
5987
5957
5956
6026
6068
6534
5930
5966
6383
5970
6338
5944
6487
6035
6377
6100
6110
6177
6519
6207
5992
6347
6372
5976
6465
6166
6312
6014
6124
6377
6473
5940
6414
6422
6041
6123
6355
6357
5971
6064
6073
6081
6166
5984
5952
6043
6043
6285
6520
5951
6522
5979
6402
6229
5938
5958
5986
6199
6219
6232
6384
5988
5989
6243
6061
6355
6462
6046
6188
6462
6018
6142
6373
5979
6006
6089
5954
5986
5957
6066
6326
6323
6522
6094
6007
6226
6035
6033
6002
5990
6042
6191
6420
6383
6175
6321
6063
6383
5991
5994
6195
6072
6078
6187
6507
6071
6094
6316
6284
6247
6139
6121
6139
5996
6085
6508
6417
6450
6346
6176
6088
6387
6502
6066
6013
6108
6103
6048
6046
6236
6427
6386
6073
6357
6401
6127
6149
6035
6056
6416
6425
6446
6030
6327
6043
6376
6037
6038
6304
6430
6106
6420
6240
6185
6186
6109
6306
6409
6059
6490
6530
6145
6201
6332
6385
6215
6222
6115
6125
6202
6259
6104
6062
6512
6514
6376
6466
6098
6206
6196
6460
6223
6364
6483
6441
6485
6486
6326
6299
6169
6197
6356
6088
6250
6272
6314
6321
6517
6286
6517
6181
6133
6394
6528
6518
6168
6332
6233
6233
6229
6302
6298
6415
6331
6513
6122
6337
6122
6361
6126
6316
6230
6435
6320
6434
6137
6525
6525
6432
6461
6404
6180
6446
6526
6162
6386
6220
6313
6203
6206
6263
6159
6158
6348
6348
6300
6463
6296
6165
6370
6258
6170
6531
6211
6350
6315
6180
6444
6176
6314
6396
6293
6523
6193
6196
6283
6192
6503
6510
6262
6503
6460
6461
6493
6489
6220
6263
6392
6334
6233
6526
6212
6265
6390
6451
6427
6396
6518
6221
6476
6219
6222
6476
6481
6226
6266
6310
6498
6263
6371
6239
6472
6235
6407
6240
6245
6301
6244
6241
6474
6506
6248
6267
6283
6257
6393
6276
6295
6260
6364
6350
6261
6469
6533
6471
6533
6270
6381
6330
6500
6502
6271
6276
6475
6370
6388
6367
6523
6283
6301
6522
6470
6430
6494
6294
6523
6306
6436
6474
6505
6365
6322
6365
6334
6333
6512
6511
6392
6491
6339
6375
6526
6525
6344
6407
6358
6534
6355
6389
6357
6476
6470
6480
6384
6413
6428
6523
6516
6398
6402
6513
6529
6395
6396
6405
6408
6403
6515
6412
6514
6426
6527
6417
6527
6456
6453
6428
6437
6440
6438
6441
6510
6457
6468
6456
6455
6501
6499
6471
6530
6484
6487
6500
6504
6508
6505
6508
6513
6520
6528
6531
)


// ************************************************************************* //
