/*--------------------------------*- C++ -*----------------------------------*\
| =========                 |                                                 |
| \\      /  F ield         | foam-extend: Open Source CFD                    |
|  \\    /   O peration     | Version:     4.1                                |
|   \\  /    A nd           | Web:         http://www.foam-extend.org         |
|    \\/     M anipulation  |                                                 |
\*---------------------------------------------------------------------------*/
FoamFile
{
    version     2.0;
    format      ascii;
    class       labelList;
    location    "constant/faMesh";
    object      faceLabels;
}
// * * * * * * * * * * * * * * * * * * * * * * * * * * * * * * * * * * * * * //


3587
(
501970
501971
501972
501973
501974
501975
501976
501977
501978
501979
501980
501981
501982
501983
501984
501985
501986
501987
501988
501989
501990
501991
501992
501993
501994
501995
501996
501997
501998
501999
502000
502001
502002
502003
502004
502005
502006
502007
502008
502009
502010
502011
502012
502013
502014
502015
502016
502017
502018
502019
502020
502021
502022
502023
502024
502025
502026
502027
502028
502029
502030
502031
502032
502033
502034
502035
502036
502037
502038
502039
502040
502041
502042
502043
502044
502045
502046
502047
502048
502049
502050
502051
502052
502053
502054
502055
502056
502057
502058
502059
502060
502061
502062
502063
502064
502065
502066
502067
502068
502069
502070
502071
502072
502073
502074
502075
502076
502077
502078
502079
502080
502081
502082
502083
502084
502085
502086
502087
502088
502089
502090
502091
502092
502093
502094
502095
502096
502097
502098
502099
502100
502101
502102
502103
502104
502105
502106
502107
502108
502109
502110
502111
502112
502113
502114
502115
502116
502117
502118
502119
502120
502121
502122
502123
502124
502125
502126
502127
502128
502129
502130
502131
502132
502133
502134
502135
502136
502137
502138
502139
502140
502141
502142
502143
502144
502145
502146
502147
502148
502149
502150
502151
502152
502153
502154
502155
502156
502157
502158
502159
502160
502161
502162
502163
502164
502165
502166
502167
502168
502169
502170
502171
502172
502173
502174
502175
502176
502177
502178
502179
502180
502181
502182
502183
502184
502185
502186
502187
502188
502189
502190
502191
502192
502193
502194
502195
502196
502197
502198
502199
502200
502201
502202
502203
502204
502205
502206
502207
502208
502209
502210
502211
502212
502213
502214
502215
502216
502217
502218
502219
502220
502221
502222
502223
502224
502225
502226
502227
502228
502229
502230
502231
502232
502233
502234
502235
502236
502237
502238
502239
502240
502241
502242
502243
502244
502245
502246
502247
502248
502249
502250
502251
502252
502253
502254
502255
502256
502257
502258
502259
502260
502261
502262
502263
502264
502265
502266
502267
502268
502269
502270
502271
502272
502273
502274
502275
502276
502277
502278
502279
502280
502281
502282
502283
502284
502285
502286
502287
502288
502289
502290
502291
502292
502293
502294
502295
502296
502297
502298
502299
502300
502301
502302
502303
502304
502305
502306
502307
502308
502309
502310
502311
502312
502313
502314
502315
502316
502317
502318
502319
502320
502321
502322
502323
502324
502325
502326
502327
502328
502329
502330
502331
502332
502333
502334
502335
502336
502337
502338
502339
502340
502341
502342
502343
502344
502345
502346
502347
502348
502349
502350
502351
502352
502353
502354
502355
502356
502357
502358
502359
502360
502361
502362
502363
502364
502365
502366
502367
502368
502369
502370
502371
502372
502373
502374
502375
502376
502377
502378
502379
502380
502381
502382
502383
502384
502385
502386
502387
502388
502389
502390
502391
502392
502393
502394
502395
502396
502397
502398
502399
502400
502401
502402
502403
502404
502405
502406
502407
502408
502409
502410
502411
502412
502413
502414
502415
502416
502417
502418
502419
502420
502421
502422
502423
502424
502425
502426
502427
502428
502429
502430
502431
502432
502433
502434
502435
502436
502437
502438
502439
502440
502441
502442
502443
502444
502445
502446
502447
502448
502449
502450
502451
502452
502453
502454
502455
502456
502457
502458
502459
502460
502461
502462
502463
502464
502465
502466
502467
502468
502469
502470
502471
502472
502473
502474
502475
502476
502477
502478
502479
502480
502481
502482
502483
502484
502485
502486
502487
502488
502489
502490
502491
502492
502493
502494
502495
502496
502497
502498
502499
502500
502501
502502
502503
502504
502505
502506
502507
502508
502509
502510
502511
502512
502513
502514
502515
502516
502517
502518
502519
502520
502521
502522
502523
502524
502525
502526
502527
502528
502529
502530
502531
502532
502533
502534
502535
502536
502537
502538
502539
502540
502541
502542
502543
502544
502545
502546
502547
502548
502549
502550
502551
502552
502553
502554
502555
502556
502557
502558
502559
502560
502561
502562
502563
502564
502565
502566
502567
502568
502569
502570
502571
502572
502573
502574
502575
502576
502577
502578
502579
502580
502581
502582
502583
502584
502585
502586
502587
502588
502589
502590
502591
502592
502593
502594
502595
502596
502597
502598
502599
502600
502601
502602
502603
502604
502605
502606
502607
502608
502609
502610
502611
502612
502613
502614
502615
502616
502617
502618
502619
502620
502621
502622
502623
502624
502625
502626
502627
502628
502629
502630
502631
502632
502633
502634
502635
502636
502637
502638
502639
502640
502641
502642
502643
502644
502645
502646
502647
502648
502649
502650
502651
502652
502653
502654
502655
502656
502657
502658
502659
502660
502661
502662
502663
502664
502665
502666
502667
502668
502669
502670
502671
502672
502673
502674
502675
502676
502677
502678
502679
502680
502681
502682
502683
502684
502685
502686
502687
502688
502689
502690
502691
502692
502693
502694
502695
502696
502697
502698
502699
502700
502701
502702
502703
502704
502705
502706
502707
502708
502709
502710
502711
502712
502713
502714
502715
502716
502717
502718
502719
502720
502721
502722
502723
502724
502725
502726
502727
502728
502729
502730
502731
502732
502733
502734
502735
502736
502737
502738
502739
502740
502741
502742
502743
502744
502745
502746
502747
502748
502749
502750
502751
502752
502753
502754
502755
502756
502757
502758
502759
502760
502761
502762
502763
502764
502765
502766
502767
502768
502769
502770
502771
502772
502773
502774
502775
502776
502777
502778
502779
502780
502781
502782
502783
502784
502785
502786
502787
502788
502789
502790
502791
502792
502793
502794
502795
502796
502797
502798
502799
502800
502801
502802
502803
502804
502805
502806
502807
502808
502809
502810
502811
502812
502813
502814
502815
502816
502817
502818
502819
502820
502821
502822
502823
502824
502825
502826
502827
502828
502829
502830
502831
502832
502833
502834
502835
502836
502837
502838
502839
502840
502841
502842
502843
502844
502845
502846
502847
502848
502849
502850
502851
502852
502853
502854
502855
502856
502857
502858
502859
502860
502861
502862
502863
502864
502865
502866
502867
502868
502869
502870
502871
502872
502873
502874
502875
502876
502877
502878
502879
502880
502881
502882
502883
502884
502885
502886
502887
502888
502889
502890
502891
502892
502893
502894
502895
502896
502897
502898
502899
502900
502901
502902
502903
502904
502905
502906
502907
502908
502909
502910
502911
502912
502913
502914
502915
502916
502917
502918
502919
502920
502921
502922
502923
502924
502925
502926
502927
502928
502929
502930
502931
502932
502933
502934
502935
502936
502937
502938
502939
502940
502941
502942
502943
502944
502945
502946
502947
502948
502949
502950
502951
502952
502953
502954
502955
502956
502957
502958
502959
502960
502961
502962
502963
502964
502965
502966
502967
502968
502969
502970
502971
502972
502973
502974
502975
502976
502977
502978
502979
502980
502981
502982
502983
502984
502985
502986
502987
502988
502989
502990
502991
502992
502993
502994
502995
502996
502997
502998
502999
503000
503001
503002
503003
503004
503005
503006
503007
503008
503009
503010
503011
503012
503013
503014
503015
503016
503017
503018
503019
503020
503021
503022
503023
503024
503025
503026
503027
503028
503029
503030
503031
503032
503033
503034
503035
503036
503037
503038
503039
503040
503041
503042
503043
503044
503045
503046
503047
503048
503049
503050
503051
503052
503053
503054
503055
503056
503057
503058
503059
503060
503061
503062
503063
503064
503065
503066
503067
503068
503069
503070
503071
503072
503073
503074
503075
503076
503077
503078
503079
503080
503081
503082
503083
503084
503085
503086
503087
503088
503089
503090
503091
503092
503093
503094
503095
503096
503097
503098
503099
503100
503101
503102
503103
503104
503105
503106
503107
503108
503109
503110
503111
503112
503113
503114
503115
503116
503117
503118
503119
503120
503121
503122
503123
503124
503125
503126
503127
503128
503129
503130
503131
503132
503133
503134
503135
503136
503137
503138
503139
503140
503141
503142
503143
503144
503145
503146
503147
503148
503149
503150
503151
503152
503153
503154
503155
503156
503157
503158
503159
503160
503161
503162
503163
503164
503165
503166
503167
503168
503169
503170
503171
503172
503173
503174
503175
503176
503177
503178
503179
503180
503181
503182
503183
503184
503185
503186
503187
503188
503189
503190
503191
503192
503193
503194
503195
503196
503197
503198
503199
503200
503201
503202
503203
503204
503205
503206
503207
503208
503209
503210
503211
503212
503213
503214
503215
503216
503217
503218
503219
503220
503221
503222
503223
503224
503225
503226
503227
503228
503229
503230
503231
503232
503233
503234
503235
503236
503237
503238
503239
503240
503241
503242
503243
503244
503245
503246
503247
503248
503249
503250
503251
503252
503253
503254
503255
503256
503257
503258
503259
503260
503261
503262
503263
503264
503265
503266
503267
503268
503269
503270
503271
503272
503273
503274
503275
503276
503277
503278
503279
503280
503281
503282
503283
503284
503285
503286
503287
503288
503289
503290
503291
503292
503293
503294
503295
503296
503297
503298
503299
503300
503301
503302
503303
503304
503305
503306
503307
503308
503309
503310
503311
503312
503313
503314
503315
503316
503317
503318
503319
503320
503321
503322
503323
503324
503325
503326
503327
503328
503329
503330
503331
503332
503333
503334
503335
503336
503337
503338
503339
503340
503341
503342
503343
503344
503345
503346
503347
503348
503349
503350
503351
503352
503353
503354
503355
503356
503357
503358
503359
503360
503361
503362
503363
503364
503365
503366
503367
503368
503369
503370
503371
503372
503373
503374
503375
503376
503377
503378
503379
503380
503381
503382
503383
503384
503385
503386
503387
503388
503389
503390
503391
503392
503393
503394
503395
503396
503397
503398
503399
503400
503401
503402
503403
503404
503405
503406
503407
503408
503409
503410
503411
503412
503413
503414
503415
503416
503417
503418
503419
503420
503421
503422
503423
503424
503425
503426
503427
503428
503429
503430
503431
503432
503433
503434
503435
503436
503437
503438
503439
503440
503441
503442
503443
503444
503445
503446
503447
503448
503449
503450
503451
503452
503453
503454
503455
503456
503457
503458
503459
503460
503461
503462
503463
503464
503465
503466
503467
503468
503469
503470
503471
503472
503473
503474
503475
503476
503477
503478
503479
503480
503481
503482
503483
503484
503485
503486
503487
503488
503489
503490
503491
503492
503493
503494
503495
503496
503497
503498
503499
503500
503501
503502
503503
503504
503505
503506
503507
503508
503509
503510
503511
503512
503513
503514
503515
503516
503517
503518
503519
503520
503521
503522
503523
503524
503525
503526
503527
503528
503529
503530
503531
503532
503533
503534
503535
503536
503537
503538
503539
503540
503541
503542
503543
503544
503545
503546
503547
503548
503549
503550
503551
503552
503553
503554
503555
503556
503557
503558
503559
503560
503561
503562
503563
503564
503565
503566
503567
503568
503569
503570
503571
503572
503573
503574
503575
503576
503577
503578
503579
503580
503581
503582
503583
503584
503585
503586
503587
503588
503589
503590
503591
503592
503593
503594
503595
503596
503597
503598
503599
503600
503601
503602
503603
503604
503605
503606
503607
503608
503609
503610
503611
503612
503613
503614
503615
503616
503617
503618
503619
503620
503621
503622
503623
503624
503625
503626
503627
503628
503629
503630
503631
503632
503633
503634
503635
503636
503637
503638
503639
503640
503641
503642
503643
503644
503645
503646
503647
503648
503649
503650
503651
503652
503653
503654
503655
503656
503657
503658
503659
503660
503661
503662
503663
503664
503665
503666
503667
503668
503669
503670
503671
503672
503673
503674
503675
503676
503677
503678
503679
503680
503681
503682
503683
503684
503685
503686
503687
503688
503689
503690
503691
503692
503693
503694
503695
503696
503697
503698
503699
503700
503701
503702
503703
503704
503705
503706
503707
503708
503709
503710
503711
503712
503713
503714
503715
503716
503717
503718
503719
503720
503721
503722
503723
503724
503725
503726
503727
503728
503729
503730
503731
503732
503733
503734
503735
503736
503737
503738
503739
503740
503741
503742
503743
503744
503745
503746
503747
503748
503749
503750
503751
503752
503753
503754
503755
503756
503757
503758
503759
503760
503761
503762
503763
503764
503765
503766
503767
503768
503769
503770
503771
503772
503773
503774
503775
503776
503777
503778
503779
503780
503781
503782
503783
503784
503785
503786
503787
503788
503789
503790
503791
503792
503793
503794
503795
503796
503797
503798
503799
503800
503801
503802
503803
503804
503805
503806
503807
503808
503809
503810
503811
503812
503813
503814
503815
503816
503817
503818
503819
503820
503821
503822
503823
503824
503825
503826
503827
503828
503829
503830
503831
503832
503833
503834
503835
503836
503837
503838
503839
503840
503841
503842
503843
503844
503845
503846
503847
503848
503849
503850
503851
503852
503853
503854
503855
503856
503857
503858
503859
503860
503861
503862
503863
503864
503865
503866
503867
503868
503869
503870
503871
503872
503873
503874
503875
503876
503877
503878
503879
503880
503881
503882
503883
503884
503885
503886
503887
503888
503889
503890
503891
503892
503893
503894
503895
503896
503897
503898
503899
503900
503901
503902
503903
503904
503905
503906
503907
503908
503909
503910
503911
503912
503913
503914
503915
503916
503917
503918
503919
503920
503921
503922
503923
503924
503925
503926
503927
503928
503929
503930
503931
503932
503933
503934
503935
503936
503937
503938
503939
503940
503941
503942
503943
503944
503945
503946
503947
503948
503949
503950
503951
503952
503953
503954
503955
503956
503957
503958
503959
503960
503961
503962
503963
503964
503965
503966
503967
503968
503969
503970
503971
503972
503973
503974
503975
503976
503977
503978
503979
503980
503981
503982
503983
503984
503985
503986
503987
503988
503989
503990
503991
503992
503993
503994
503995
503996
503997
503998
503999
504000
504001
504002
504003
504004
504005
504006
504007
504008
504009
504010
504011
504012
504013
504014
504015
504016
504017
504018
504019
504020
504021
504022
504023
504024
504025
504026
504027
504028
504029
504030
504031
504032
504033
504034
504035
504036
504037
504038
504039
504040
504041
504042
504043
504044
504045
504046
504047
504048
504049
504050
504051
504052
504053
504054
504055
504056
504057
504058
504059
504060
504061
504062
504063
504064
504065
504066
504067
504068
504069
504070
504071
504072
504073
504074
504075
504076
504077
504078
504079
504080
504081
504082
504083
504084
504085
504086
504087
504088
504089
504090
504091
504092
504093
504094
504095
504096
504097
504098
504099
504100
504101
504102
504103
504104
504105
504106
504107
504108
504109
504110
504111
504112
504113
504114
504115
504116
504117
504118
504119
504120
504121
504122
504123
504124
504125
504126
504127
504128
504129
504130
504131
504132
504133
504134
504135
504136
504137
504138
504139
504140
504141
504142
504143
504144
504145
504146
504147
504148
504149
504150
504151
504152
504153
504154
504155
504156
504157
504158
504159
504160
504161
504162
504163
504164
504165
504166
504167
504168
504169
504170
504171
504172
504173
504174
504175
504176
504177
504178
504179
504180
504181
504182
504183
504184
504185
504186
504187
504188
504189
504190
504191
504192
504193
504194
504195
504196
504197
504198
504199
504200
504201
504202
504203
504204
504205
504206
504207
504208
504209
504210
504211
504212
504213
504214
504215
504216
504217
504218
504219
504220
504221
504222
504223
504224
504225
504226
504227
504228
504229
504230
504231
504232
504233
504234
504235
504236
504237
504238
504239
504240
504241
504242
504243
504244
504245
504246
504247
504248
504249
504250
504251
504252
504253
504254
504255
504256
504257
504258
504259
504260
504261
504262
504263
504264
504265
504266
504267
504268
504269
504270
504271
504272
504273
504274
504275
504276
504277
504278
504279
504280
504281
504282
504283
504284
504285
504286
504287
504288
504289
504290
504291
504292
504293
504294
504295
504296
504297
504298
504299
504300
504301
504302
504303
504304
504305
504306
504307
504308
504309
504310
504311
504312
504313
504314
504315
504316
504317
504318
504319
504320
504321
504322
504323
504324
504325
504326
504327
504328
504329
504330
504331
504332
504333
504334
504335
504336
504337
504338
504339
504340
504341
504342
504343
504344
504345
504346
504347
504348
504349
504350
504351
504352
504353
504354
504355
504356
504357
504358
504359
504360
504361
504362
504363
504364
504365
504366
504367
504368
504369
504370
504371
504372
504373
504374
504375
504376
504377
504378
504379
504380
504381
504382
504383
504384
504385
504386
504387
504388
504389
504390
504391
504392
504393
504394
504395
504396
504397
504398
504399
504400
504401
504402
504403
504404
504405
504406
504407
504408
504409
504410
504411
504412
504413
504414
504415
504416
504417
504418
504419
504420
504421
504422
504423
504424
504425
504426
504427
504428
504429
504430
504431
504432
504433
504434
504435
504436
504437
504438
504439
504440
504441
504442
504443
504444
504445
504446
504447
504448
504449
504450
504451
504452
504453
504454
504455
504456
504457
504458
504459
504460
504461
504462
504463
504464
504465
504466
504467
504468
504469
504470
504471
504472
504473
504474
504475
504476
504477
504478
504479
504480
504481
504482
504483
504484
504485
504486
504487
504488
504489
504490
504491
504492
504493
504494
504495
504496
504497
504498
504499
504500
504501
504502
504503
504504
504505
504506
504507
504508
504509
504510
504511
504512
504513
504514
504515
504516
504517
504518
504519
504520
504521
504522
504523
504524
504525
504526
504527
504528
504529
504530
504531
504532
504533
504534
504535
504536
504537
504538
504539
504540
504541
504542
504543
504544
504545
504546
504547
504548
504549
504550
504551
504552
504553
504554
504555
504556
504557
504558
504559
504560
504561
504562
504563
504564
504565
504566
504567
504568
504569
504570
504571
504572
504573
504574
504575
504576
504577
504578
504579
504580
504581
504582
504583
504584
504585
504586
504587
504588
504589
504590
504591
504592
504593
504594
504595
504596
504597
504598
504599
504600
504601
504602
504603
504604
504605
504606
504607
504608
504609
504610
504611
504612
504613
504614
504615
504616
504617
504618
504619
504620
504621
504622
504623
504624
504625
504626
504627
504628
504629
504630
504631
504632
504633
504634
504635
504636
504637
504638
504639
504640
504641
504642
504643
504644
504645
504646
504647
504648
504649
504650
504651
504652
504653
504654
504655
504656
504657
504658
504659
504660
504661
504662
504663
504664
504665
504666
504667
504668
504669
504670
504671
504672
504673
504674
504675
504676
504677
504678
504679
504680
504681
504682
504683
504684
504685
504686
504687
504688
504689
504690
504691
504692
504693
504694
504695
504696
504697
504698
504699
504700
504701
504702
504703
504704
504705
504706
504707
504708
504709
504710
504711
504712
504713
504714
504715
504716
504717
504718
504719
504720
504721
504722
504723
504724
504725
504726
504727
504728
504729
504730
504731
504732
504733
504734
504735
504736
504737
504738
504739
504740
504741
504742
504743
504744
504745
504746
504747
504748
504749
504750
504751
504752
504753
504754
504755
504756
504757
504758
504759
504760
504761
504762
504763
504764
504765
504766
504767
504768
504769
504770
504771
504772
504773
504774
504775
504776
504777
504778
504779
504780
504781
504782
504783
504784
504785
504786
504787
504788
504789
504790
504791
504792
504793
504794
504795
504796
504797
504798
504799
504800
504801
504802
504803
504804
504805
504806
504807
504808
504809
504810
504811
504812
504813
504814
504815
504816
504817
504818
504819
504820
504821
504822
504823
504824
504825
504826
504827
504828
504829
504830
504831
504832
504833
504834
504835
504836
504837
504838
504839
504840
504841
504842
504843
504844
504845
504846
504847
504848
504849
504850
504851
504852
504853
504854
504855
504856
504857
504858
504859
504860
504861
504862
504863
504864
504865
504866
504867
504868
504869
504870
504871
504872
504873
504874
504875
504876
504877
504878
504879
504880
504881
504882
504883
504884
504885
504886
504887
504888
504889
504890
504891
504892
504893
504894
504895
504896
504897
504898
504899
504900
504901
504902
504903
504904
504905
504906
504907
504908
504909
504910
504911
504912
504913
504914
504915
504916
504917
504918
504919
504920
504921
504922
504923
504924
504925
504926
504927
504928
504929
504930
504931
504932
504933
504934
504935
504936
504937
504938
504939
504940
504941
504942
504943
504944
504945
504946
504947
504948
504949
504950
504951
504952
504953
504954
504955
504956
504957
504958
504959
504960
504961
504962
504963
504964
504965
504966
504967
504968
504969
504970
504971
504972
504973
504974
504975
504976
504977
504978
504979
504980
504981
504982
504983
504984
504985
504986
504987
504988
504989
504990
504991
504992
504993
504994
504995
504996
504997
504998
504999
505000
505001
505002
505003
505004
505005
505006
505007
505008
505009
505010
505011
505012
505013
505014
505015
505016
505017
505018
505019
505020
505021
505022
505023
505024
505025
505026
505027
505028
505029
505030
505031
505032
505033
505034
505035
505036
505037
505038
505039
505040
505041
505042
505043
505044
505045
505046
505047
505048
505049
505050
505051
505052
505053
505054
505055
505056
505057
505058
505059
505060
505061
505062
505063
505064
505065
505066
505067
505068
505069
505070
505071
505072
505073
505074
505075
505076
505077
505078
505079
505080
505081
505082
505083
505084
505085
505086
505087
505088
505089
505090
505091
505092
505093
505094
505095
505096
505097
505098
505099
505100
505101
505102
505103
505104
505105
505106
505107
505108
505109
505110
505111
505112
505113
505114
505115
505116
505117
505118
505119
505120
505121
505122
505123
505124
505125
505126
505127
505128
505129
505130
505131
505132
505133
505134
505135
505136
505137
505138
505139
505140
505141
505142
505143
505144
505145
505146
505147
505148
505149
505150
505151
505152
505153
505154
505155
505156
505157
505158
505159
505160
505161
505162
505163
505164
505165
505166
505167
505168
505169
505170
505171
505172
505173
505174
505175
505176
505177
505178
505179
505180
505181
505182
505183
505184
505185
505186
505187
505188
505189
505190
505191
505192
505193
505194
505195
505196
505197
505198
505199
505200
505201
505202
505203
505204
505205
505206
505207
505208
505209
505210
505211
505212
505213
505214
505215
505216
505217
505218
505219
505220
505221
505222
505223
505224
505225
505226
505227
505228
505229
505230
505231
505232
505233
505234
505235
505236
505237
505238
505239
505240
505241
505242
505243
505244
505245
505246
505247
505248
505249
505250
505251
505252
505253
505254
505255
505256
505257
505258
505259
505260
505261
505262
505263
505264
505265
505266
505267
505268
505269
505270
505271
505272
505273
505274
505275
505276
505277
505278
505279
505280
505281
505282
505283
505284
505285
505286
505287
505288
505289
505290
505291
505292
505293
505294
505295
505296
505297
505298
505299
505300
505301
505302
505303
505304
505305
505306
505307
505308
505309
505310
505311
505312
505313
505314
505315
505316
505317
505318
505319
505320
505321
505322
505323
505324
505325
505326
505327
505328
505329
505330
505331
505332
505333
505334
505335
505336
505337
505338
505339
505340
505341
505342
505343
505344
505345
505346
505347
505348
505349
505350
505351
505352
505353
505354
505355
505356
505357
505358
505359
505360
505361
505362
505363
505364
505365
505366
505367
505368
505369
505370
505371
505372
505373
505374
505375
505376
505377
505378
505379
505380
505381
505382
505383
505384
505385
505386
505387
505388
505389
505390
505391
505392
505393
505394
505395
505396
505397
505398
505399
505400
505401
505402
505403
505404
505405
505406
505407
505408
505409
505410
505411
505412
505413
505414
505415
505416
505417
505418
505419
505420
505421
505422
505423
505424
505425
505426
505427
505428
505429
505430
505431
505432
505433
505434
505435
505436
505437
505438
505439
505440
505441
505442
505443
505444
505445
505446
505447
505448
505449
505450
505451
505452
505453
505454
505455
505456
505457
505458
505459
505460
505461
505462
505463
505464
505465
505466
505467
505468
505469
505470
505471
505472
505473
505474
505475
505476
505477
505478
505479
505480
505481
505482
505483
505484
505485
505486
505487
505488
505489
505490
505491
505492
505493
505494
505495
505496
505497
505498
505499
505500
505501
505502
505503
505504
505505
505506
505507
505508
505509
505510
505511
505512
505513
505514
505515
505516
505517
505518
505519
505520
505521
505522
505523
505524
505525
505526
505527
505528
505529
505530
505531
505532
505533
505534
505535
505536
505537
505538
505539
505540
505541
505542
505543
505544
505545
505546
505547
505548
505549
505550
505551
505552
505553
505554
505555
505556
)


// ************************************************************************* //
