/*--------------------------------*- C++ -*----------------------------------*\
| =========                 |                                                 |
| \\      /  F ield         | foam-extend: Open Source CFD                    |
|  \\    /   O peration     | Version:     4.1                                |
|   \\  /    A nd           | Web:         http://www.foam-extend.org         |
|    \\/     M anipulation  |                                                 |
\*---------------------------------------------------------------------------*/
FoamFile
{
    version     2.0;
    format      ascii;
    class       pointSet;
    location    "constant/polyMesh/sets";
    object      nearPoints;
}
// * * * * * * * * * * * * * * * * * * * * * * * * * * * * * * * * * * * * * //


3982
(
337807 
337808 
337809 
337810 
337811 
337812 
337813 
337814 
337815 
337816 
337817 
337818 
337819 
337820 
337821 
337822 
337823 
337824 
337825 
337826 
337827 
337828 
337829 
337830 
337831 
337832 
337833 
337834 
337835 
337836 
337837 
337838 
337839 
337840 
337841 
337842 
337843 
337844 
337845 
337846 
337847 
337848 
337849 
337850 
337851 
337852 
337853 
337854 
337855 
337856 
337857 
337858 
337859 
337860 
337861 
337862 
337863 
337864 
337865 
337866 
337867 
337868 
337869 
337870 
337871 
337872 
337873 
337874 
337875 
337876 
337877 
337878 
337879 
337880 
337881 
337882 
337883 
337884 
337885 
337886 
337887 
337888 
337889 
337890 
337891 
337892 
337893 
337894 
337895 
337896 
337897 
337898 
337899 
337900 
337901 
337902 
337903 
337904 
337905 
337906 
337907 
337908 
337909 
337910 
337911 
337912 
337913 
337914 
337915 
337916 
337917 
337918 
337919 
337920 
337921 
337922 
337923 
337924 
337925 
337926 
337927 
337928 
337929 
337930 
337931 
337932 
337933 
337934 
337935 
337936 
337937 
337938 
337939 
337940 
337941 
337942 
337943 
337944 
337945 
337946 
337947 
337948 
337949 
337950 
337951 
337952 
337953 
337954 
337955 
337956 
337957 
337958 
337959 
337960 
337961 
337962 
337963 
337964 
337965 
337966 
337967 
337968 
337969 
337970 
337971 
337972 
337973 
337974 
337975 
337976 
337977 
337978 
337979 
337980 
337981 
337982 
337983 
337984 
337985 
337986 
337987 
337988 
337989 
337990 
337991 
337992 
337993 
337994 
337995 
337996 
337997 
337998 
337999 
338000 
338001 
338002 
338003 
338004 
338005 
338006 
338007 
338008 
338009 
338010 
338011 
338012 
338013 
338014 
338015 
338016 
338017 
338018 
338019 
338020 
338021 
338022 
338023 
338024 
338025 
338026 
338027 
338028 
338029 
338030 
338031 
338032 
338033 
338034 
338035 
338036 
338037 
338038 
338039 
338040 
338041 
338042 
338043 
338044 
338045 
338046 
338047 
338048 
338049 
338050 
338051 
338052 
338053 
338054 
338055 
338056 
338057 
338058 
338059 
338060 
338061 
338062 
338063 
338064 
338065 
338066 
338067 
338068 
338069 
338070 
338071 
338072 
338073 
338074 
338075 
338076 
338077 
338078 
338079 
338080 
338081 
338082 
338083 
338084 
338085 
338086 
338087 
338088 
338089 
338090 
338091 
338092 
338093 
338094 
338095 
338096 
338097 
338098 
338099 
338100 
338101 
338102 
338103 
338104 
338105 
338106 
338107 
338108 
338109 
338110 
338111 
338112 
338113 
338114 
338115 
338116 
338117 
338118 
338119 
338120 
338121 
338122 
338123 
338124 
338125 
338126 
338127 
338128 
338129 
338130 
338131 
338132 
338133 
338134 
338135 
338136 
338137 
338138 
338139 
338140 
338141 
338142 
338143 
338144 
338145 
338146 
338147 
338148 
338149 
338150 
338151 
338152 
338153 
338154 
338155 
338156 
338157 
338158 
338159 
338160 
338161 
338162 
338163 
338164 
338165 
338166 
338167 
338168 
338169 
338170 
338171 
338172 
338173 
338174 
338175 
338176 
338177 
338178 
338179 
338180 
338181 
338182 
338183 
338184 
338185 
338186 
338187 
338188 
338189 
338190 
338191 
338192 
338193 
338194 
338195 
338196 
338197 
338198 
338199 
338200 
338201 
338202 
338203 
338204 
338205 
338206 
338207 
338208 
338209 
338210 
338211 
338212 
338213 
338214 
338215 
338216 
338217 
338218 
338219 
338220 
338221 
338222 
338223 
338224 
338225 
338226 
338227 
338228 
338229 
338230 
338231 
338232 
338233 
338234 
338235 
338236 
338237 
338238 
338239 
338240 
338241 
338242 
338243 
338244 
338245 
338246 
338247 
338248 
338249 
338250 
338251 
338252 
338253 
338254 
338255 
338256 
338257 
338258 
338259 
338260 
338261 
338262 
338263 
338264 
338265 
338266 
338267 
338268 
338269 
338270 
338271 
338272 
338273 
338274 
338275 
338276 
338277 
338278 
338279 
338280 
338281 
338282 
338283 
338284 
338285 
338286 
338287 
338288 
338289 
338290 
338291 
338292 
338293 
338294 
338295 
338296 
338297 
338298 
338299 
338300 
338301 
338302 
338303 
338304 
338305 
338306 
338307 
338308 
338309 
338310 
338311 
338312 
338313 
338314 
338315 
338316 
338317 
338318 
338319 
338320 
338321 
338322 
338323 
338324 
338325 
338326 
338327 
338328 
338329 
338330 
338331 
338332 
338333 
338334 
338335 
338336 
338337 
338338 
338339 
338340 
338341 
338342 
338343 
338344 
338345 
338346 
338347 
338348 
338349 
338350 
338351 
338352 
338353 
338354 
338355 
338356 
338357 
338358 
338359 
338360 
338361 
338362 
338363 
338364 
338365 
338366 
338367 
338368 
338369 
338370 
338371 
338372 
338373 
338374 
338375 
338376 
338377 
338378 
338379 
338380 
338381 
338382 
338383 
338384 
338385 
338386 
338387 
338388 
338389 
338390 
338391 
338392 
338393 
338394 
338395 
338396 
338397 
338398 
338399 
338400 
338401 
338402 
338403 
338404 
338405 
338406 
338407 
338408 
338409 
338410 
338411 
338412 
338413 
338414 
338415 
338416 
338417 
338418 
338419 
338420 
338421 
338422 
338423 
338424 
338425 
338426 
338427 
338428 
338429 
338430 
338431 
338432 
338433 
338434 
338435 
338436 
338437 
338438 
338439 
338440 
338441 
338442 
338443 
338444 
338445 
338446 
338447 
338448 
338449 
338450 
338451 
338452 
338453 
338454 
338455 
338456 
338457 
338458 
338459 
338460 
338461 
338462 
338463 
338464 
338465 
338466 
338467 
338468 
338469 
338470 
338471 
338472 
338473 
338474 
338475 
338476 
338477 
338478 
338479 
338480 
338481 
338482 
338483 
338484 
338485 
338486 
338487 
338488 
338489 
338490 
338491 
338492 
338493 
338494 
338495 
338496 
338497 
338498 
338499 
338500 
338501 
338502 
338503 
338504 
338505 
338506 
338507 
338508 
338509 
338510 
338511 
338512 
338513 
338514 
338515 
338516 
338517 
338518 
338519 
338520 
338521 
338522 
338523 
338524 
338525 
338526 
338527 
338528 
338529 
338530 
338531 
338532 
338533 
338534 
338535 
338536 
338537 
338538 
338539 
338540 
338541 
338542 
338543 
338544 
338545 
338546 
338547 
338548 
338549 
338550 
338551 
338552 
338553 
338554 
338555 
338556 
338557 
338558 
338559 
338560 
338561 
338562 
338563 
338564 
338565 
338566 
338567 
338568 
338569 
338570 
338571 
338572 
338573 
338574 
338575 
338576 
338577 
338578 
338579 
338580 
338581 
338582 
338583 
338584 
338585 
338586 
338587 
338588 
338589 
338590 
338591 
338592 
338593 
338594 
338595 
338596 
338597 
338598 
338599 
338600 
338601 
338602 
338603 
338604 
338605 
338606 
338607 
338608 
338609 
338610 
338611 
338612 
338613 
338614 
338615 
338616 
338617 
338618 
338619 
338620 
338621 
338622 
338623 
338624 
338625 
338626 
338627 
338628 
338629 
338630 
338631 
338632 
338633 
338634 
338635 
338636 
338637 
338638 
338639 
338640 
338641 
338642 
338643 
338644 
338645 
338646 
338647 
338648 
338649 
338650 
338651 
338652 
338653 
338654 
338655 
338656 
338657 
338658 
338659 
338660 
338661 
338662 
338663 
338664 
338665 
338666 
338667 
338668 
338669 
338670 
338671 
338672 
338673 
338674 
338675 
338676 
338677 
338678 
338679 
338680 
338681 
338682 
338683 
338684 
338685 
338686 
338687 
338688 
338689 
338690 
338691 
338692 
338693 
338694 
338695 
338696 
338697 
338698 
338699 
338700 
338701 
338702 
338703 
338704 
338705 
338706 
338707 
338708 
338709 
338710 
338711 
338712 
338713 
338714 
338715 
338716 
338717 
338718 
338719 
338720 
338721 
338722 
338723 
338724 
338725 
338726 
338727 
338728 
338729 
338730 
338731 
338732 
338733 
338734 
338735 
338736 
338737 
338738 
338739 
338740 
338741 
338742 
338743 
338744 
338745 
338746 
338747 
338748 
338749 
338750 
338751 
338752 
338753 
338754 
338755 
338756 
338757 
338758 
338759 
338760 
338761 
338762 
338763 
338764 
338765 
338766 
338767 
338768 
338769 
338770 
338771 
338772 
338773 
338774 
338775 
338776 
338777 
338778 
338779 
338780 
338781 
338782 
338783 
338784 
338785 
338786 
338787 
338788 
338789 
338790 
338791 
338792 
338793 
338794 
338795 
338796 
338797 
338798 
338799 
338800 
338801 
338802 
338803 
338804 
338805 
338806 
338807 
338808 
338809 
338810 
338811 
338812 
338813 
338814 
338815 
338816 
338817 
338818 
338819 
338820 
338821 
338822 
338823 
338824 
338825 
338826 
338827 
338828 
338829 
338830 
338831 
338832 
338833 
338834 
338835 
338836 
338837 
338838 
338839 
338840 
338841 
338842 
338843 
338844 
338845 
338846 
338847 
338848 
338849 
338850 
338851 
338852 
338853 
338854 
338855 
338856 
338857 
338858 
338859 
338860 
338861 
338862 
338863 
338864 
338865 
338866 
338867 
338868 
338869 
338870 
338871 
338872 
338873 
338874 
338875 
338876 
338877 
338878 
338879 
338880 
338881 
338882 
338883 
338884 
338885 
338886 
338887 
338888 
338889 
338890 
338891 
338892 
338893 
338894 
338895 
338896 
338897 
338898 
338899 
338900 
338901 
338902 
338903 
338904 
338905 
338906 
338907 
338908 
338909 
338910 
338911 
338912 
338913 
338914 
338915 
338916 
338917 
338918 
338919 
338920 
338921 
338922 
338923 
338924 
338925 
338926 
338927 
338928 
338929 
338930 
338931 
338932 
338933 
338934 
338935 
338936 
338937 
338938 
338939 
338940 
338941 
338942 
338943 
338944 
338945 
338946 
338947 
338948 
338949 
338950 
338951 
338952 
338953 
338954 
338955 
338956 
338957 
338958 
338959 
338960 
338961 
338962 
338963 
338964 
338965 
338966 
338967 
338968 
338969 
338970 
338971 
338972 
338973 
338974 
338975 
338976 
338977 
338978 
338979 
338980 
338981 
338982 
338983 
338984 
338985 
338986 
338987 
338988 
338989 
338990 
338991 
338992 
338993 
338994 
338995 
338996 
338997 
338998 
338999 
339000 
339001 
339002 
339003 
339004 
339005 
339006 
339007 
339008 
339009 
339010 
339011 
339012 
339013 
339014 
339015 
339016 
339017 
339018 
339019 
339020 
339021 
339022 
339023 
339024 
339025 
339026 
339027 
339028 
339029 
339030 
339031 
339032 
339033 
339034 
339035 
339036 
339037 
339038 
339039 
339040 
339041 
339042 
339043 
339044 
339045 
339046 
339047 
339048 
339049 
339050 
339051 
339052 
339053 
339054 
339055 
339056 
339057 
339058 
339059 
339060 
339061 
339062 
339063 
339064 
339065 
339066 
339067 
339068 
339069 
339070 
339071 
339072 
339073 
339074 
339075 
339076 
339077 
339078 
339079 
339080 
339081 
339082 
339083 
339084 
339085 
339086 
339087 
339088 
339089 
339090 
339091 
339092 
339093 
339094 
339095 
339096 
339097 
339098 
339099 
339100 
339101 
339102 
339103 
339104 
339105 
339106 
339107 
339108 
339109 
339110 
339111 
339112 
339113 
339114 
339115 
339116 
339117 
339118 
339119 
339120 
339121 
339122 
339123 
339124 
339125 
339126 
339127 
339128 
339129 
339130 
339131 
339132 
339133 
339134 
339135 
339136 
339137 
339138 
339139 
339140 
339141 
339142 
339143 
339144 
339145 
339146 
339147 
339148 
339149 
339150 
339151 
339152 
339153 
339154 
339155 
339156 
339157 
339158 
339159 
339160 
339161 
339162 
339163 
339164 
339165 
339166 
339167 
339168 
339169 
339170 
339171 
339172 
339173 
339174 
339175 
339177 
339178 
339179 
339180 
339181 
339182 
339183 
339184 
339185 
339186 
339187 
339188 
339189 
339190 
339191 
339192 
339193 
339194 
339195 
339196 
339197 
339198 
339199 
339200 
339201 
339202 
339203 
339204 
339205 
339206 
339207 
339208 
339209 
339210 
339211 
339212 
339213 
339214 
339215 
339216 
339217 
339218 
339219 
339220 
339221 
339222 
339223 
339224 
339225 
339226 
339227 
339228 
339229 
339230 
339231 
339232 
339233 
339234 
339235 
339236 
339237 
339238 
339239 
339240 
339241 
339242 
339243 
339244 
339245 
339246 
339247 
339248 
339249 
339250 
339251 
339252 
339253 
339254 
339255 
339256 
339257 
339258 
339259 
339260 
339261 
339262 
339263 
339264 
339265 
339266 
339267 
339268 
339269 
339270 
339271 
339272 
339273 
339274 
339275 
339276 
339277 
339278 
339279 
339280 
339281 
339282 
339283 
339284 
339285 
339286 
339287 
339288 
339289 
339290 
339291 
339292 
339293 
339294 
339295 
339296 
339297 
339298 
339299 
339301 
339302 
339303 
339304 
339305 
339306 
339307 
339308 
339309 
339310 
339311 
339312 
339313 
339314 
339315 
339316 
339317 
339318 
339319 
339320 
339321 
339322 
339323 
339324 
339325 
339326 
339327 
339328 
339329 
339330 
339331 
339332 
339333 
339334 
339335 
339336 
339337 
339338 
339339 
339340 
339341 
339342 
339343 
339344 
339345 
339346 
339347 
339348 
339349 
339350 
339351 
339352 
339353 
339354 
339355 
339356 
339357 
339358 
339359 
339360 
339361 
339362 
339363 
339364 
339365 
339366 
339367 
339368 
339369 
339370 
339371 
339372 
339373 
339374 
339375 
339376 
339377 
339378 
339379 
339380 
339381 
339382 
339383 
339384 
339385 
339386 
339387 
339388 
339389 
339390 
339391 
339392 
339393 
339394 
339395 
339396 
339397 
339398 
339399 
339400 
339401 
339402 
339403 
339404 
339405 
339406 
339407 
339408 
339409 
339410 
339411 
339412 
339413 
339414 
339415 
339416 
339417 
339418 
339419 
339420 
339421 
339422 
339423 
339424 
339425 
339426 
339427 
339428 
339429 
339430 
339431 
339432 
339433 
339434 
339435 
339436 
339437 
339438 
339439 
339440 
339441 
339442 
339443 
339444 
339445 
339446 
339447 
339448 
339449 
339450 
339451 
339452 
339453 
339454 
339455 
339456 
339457 
339458 
339459 
339460 
339461 
339462 
339463 
339464 
339465 
339466 
339467 
339468 
339469 
339470 
339471 
339472 
339473 
339474 
339475 
339476 
339477 
339478 
339479 
339480 
339481 
339482 
339483 
339484 
339485 
339486 
339487 
339488 
339489 
339490 
339491 
339492 
339493 
339494 
339495 
339496 
339497 
339498 
339499 
339500 
339501 
339502 
339503 
339504 
339505 
339506 
339507 
339508 
339509 
339510 
339511 
339512 
339513 
339514 
339515 
339516 
339517 
339518 
339519 
339520 
339521 
339522 
339523 
339524 
339525 
339526 
339527 
339528 
339529 
339530 
339531 
339532 
339533 
339534 
339535 
339536 
339537 
339538 
339539 
339540 
339541 
339542 
339543 
339544 
339545 
339546 
339547 
339548 
339549 
339550 
339551 
339552 
339553 
339554 
339555 
339556 
339557 
339558 
339559 
339560 
339561 
339562 
339563 
339564 
339565 
339566 
339567 
339568 
339569 
339570 
339571 
339572 
339573 
339574 
339575 
339576 
339577 
339578 
339579 
339580 
339581 
339582 
339583 
339584 
339585 
339586 
339587 
339588 
339589 
339590 
339591 
339592 
339593 
339594 
339595 
339596 
339597 
339598 
339599 
339600 
339601 
339602 
339603 
339604 
339605 
339606 
339607 
339608 
339609 
339610 
339611 
339612 
339613 
339614 
339615 
339616 
339617 
339618 
339619 
339620 
339621 
339622 
339623 
339624 
339625 
339626 
339627 
339628 
339629 
339630 
339631 
339632 
339633 
339634 
339635 
339636 
339637 
339638 
339639 
339640 
339641 
339642 
339643 
339644 
339645 
339646 
339647 
339648 
339649 
339650 
339651 
339652 
339653 
339654 
339655 
339656 
339657 
339658 
339659 
339660 
339661 
339662 
339663 
339664 
339665 
339666 
339667 
339668 
339669 
339670 
339671 
339672 
339673 
339674 
339675 
339676 
339677 
339678 
339679 
339680 
339681 
339682 
339683 
339684 
339685 
339686 
339687 
339688 
339689 
339690 
339691 
339692 
339693 
339694 
339695 
339696 
339697 
339698 
339699 
339700 
339701 
339702 
339703 
339704 
339705 
339706 
339707 
339708 
339709 
339710 
339711 
339712 
339713 
339714 
339715 
339716 
339717 
339718 
339719 
339720 
339721 
339722 
339723 
339724 
339725 
339726 
339727 
339728 
339729 
339730 
339731 
339732 
339733 
339734 
339735 
339736 
339737 
339738 
339739 
339740 
339741 
339742 
339743 
339744 
339745 
339746 
339747 
339748 
339749 
339751 
339752 
339753 
339754 
339755 
339756 
339757 
339758 
339759 
339760 
339761 
339762 
339763 
339764 
339765 
339766 
339767 
339768 
339769 
339770 
339771 
339772 
339773 
339774 
339775 
339776 
339777 
339778 
339779 
339780 
339781 
339782 
339783 
339784 
339785 
339786 
339787 
339788 
339789 
339790 
339791 
339792 
339793 
339794 
339795 
339796 
339797 
339798 
339799 
339800 
339801 
339802 
339803 
339804 
339805 
339806 
339807 
339808 
339809 
339810 
339811 
339812 
339813 
339814 
339815 
339816 
339817 
339818 
339819 
339820 
339821 
339822 
339823 
339824 
339825 
339826 
339827 
339828 
339829 
339830 
339831 
339832 
339833 
339834 
339835 
339836 
339837 
339838 
339839 
339840 
339841 
339842 
339843 
339844 
339845 
339846 
339847 
339848 
339849 
339850 
339851 
339852 
339853 
339854 
339855 
339856 
339857 
339858 
339859 
339860 
339861 
339862 
339863 
339864 
339865 
339866 
339867 
339868 
339869 
339870 
339871 
339872 
339873 
339874 
339875 
339876 
339877 
339878 
339879 
339880 
339881 
339882 
339883 
339884 
339885 
339886 
339887 
339888 
339889 
339890 
339891 
339892 
339893 
339894 
339895 
339896 
339897 
339898 
339899 
339900 
339901 
339902 
339903 
339904 
339905 
339906 
339907 
339908 
339909 
339910 
339911 
339912 
339913 
339914 
339915 
339916 
339917 
339918 
339919 
339920 
339921 
339922 
339923 
339924 
339925 
339926 
339927 
339928 
339929 
339930 
339931 
339932 
339933 
339934 
339935 
339936 
339937 
339938 
339939 
339940 
339941 
339942 
339943 
339944 
339945 
339946 
339947 
339948 
339949 
339950 
339951 
339952 
339953 
339954 
339955 
339956 
339957 
339958 
339959 
339960 
339961 
339962 
339963 
339964 
339965 
339966 
339967 
339968 
339969 
339970 
339971 
339972 
339973 
339974 
339975 
339976 
339977 
339978 
339979 
339980 
339981 
339982 
339983 
339984 
339985 
339986 
339987 
339988 
339989 
339990 
339991 
339992 
339993 
339994 
339995 
339996 
339997 
339998 
339999 
340000 
340001 
340002 
340003 
340004 
340005 
340006 
340007 
340008 
340009 
340010 
340011 
340012 
340013 
340014 
340015 
340016 
340017 
340018 
340019 
340020 
340021 
340022 
340023 
340024 
340025 
340026 
340027 
340028 
340029 
340030 
340031 
340032 
340033 
340034 
340035 
340036 
340037 
340038 
340039 
340040 
340041 
340042 
340043 
340044 
340045 
340046 
340047 
340048 
340049 
340050 
340051 
340052 
340053 
340054 
340055 
340056 
340057 
340058 
340059 
340060 
340061 
340062 
340063 
340064 
340065 
340066 
340067 
340068 
340069 
340070 
340071 
340072 
340073 
340074 
340075 
340076 
340077 
340078 
340079 
340080 
340081 
340082 
340083 
340084 
340085 
340086 
340087 
340088 
340089 
340090 
340091 
340092 
340093 
340094 
340095 
340096 
340097 
340098 
340099 
340100 
340101 
340102 
340103 
340104 
340105 
340106 
340107 
340108 
340109 
340110 
340111 
340112 
340113 
340114 
340115 
340116 
340117 
340118 
340119 
340120 
340121 
340122 
340123 
340124 
340125 
340126 
340127 
340128 
340129 
340130 
340131 
340132 
340133 
340134 
340135 
340136 
340137 
340138 
340139 
340140 
340141 
340142 
340143 
340144 
340145 
340146 
340147 
340148 
340149 
340150 
340151 
340152 
340153 
340154 
340155 
340156 
340157 
340158 
340159 
340160 
340161 
340162 
340163 
340164 
340165 
340166 
340167 
340168 
340169 
340170 
340171 
340172 
340173 
340174 
340175 
340176 
340177 
340178 
340179 
340180 
340181 
340182 
340183 
340184 
340185 
340186 
340187 
340188 
340189 
340190 
340191 
340192 
340193 
340194 
340195 
340196 
340197 
340198 
340199 
340200 
340201 
340202 
340203 
340204 
340205 
340206 
340207 
340208 
340209 
340210 
340211 
340212 
340213 
340214 
340215 
340216 
340217 
340218 
340219 
340220 
340221 
340222 
340223 
340224 
340225 
340226 
340227 
340228 
340229 
340230 
340231 
340232 
340233 
340234 
340235 
340236 
340237 
340238 
340239 
340240 
340241 
340242 
340243 
340244 
340245 
340246 
340247 
340248 
340249 
340250 
340251 
340252 
340253 
340254 
340255 
340256 
340257 
340258 
340259 
340260 
340261 
340262 
340263 
340264 
340265 
340266 
340267 
340268 
340269 
340270 
340271 
340272 
340273 
340274 
340275 
340276 
340277 
340278 
340279 
340280 
340281 
340282 
340283 
340284 
340285 
340286 
340287 
340288 
340289 
340290 
340291 
340292 
340293 
340294 
340295 
340296 
340297 
340298 
340299 
340300 
340301 
340302 
340303 
340304 
340305 
340306 
340307 
340308 
340309 
340310 
340311 
340312 
340313 
340314 
340315 
340316 
340317 
340318 
340319 
340320 
340321 
340322 
340323 
340324 
340325 
340326 
340327 
340328 
340329 
340330 
340331 
340332 
340333 
340334 
340335 
340336 
340337 
340338 
340339 
340340 
340341 
340342 
340343 
340344 
340345 
340346 
340347 
340348 
340349 
340350 
340351 
340352 
340353 
340354 
340355 
340356 
340357 
340358 
340359 
340360 
340361 
340362 
340363 
340364 
340365 
340366 
340367 
340368 
340369 
340370 
340371 
340372 
340373 
340374 
340375 
340376 
340377 
340378 
340379 
340380 
340381 
340382 
340383 
340384 
340385 
340386 
340387 
340388 
340389 
340390 
340391 
340392 
340393 
340394 
340395 
340396 
340397 
340398 
340399 
340400 
340401 
340402 
340403 
340404 
340405 
340406 
340407 
340408 
340409 
340410 
340411 
340412 
340413 
340414 
340415 
340416 
340417 
340418 
340419 
340420 
340421 
340422 
340423 
340424 
340425 
340426 
340427 
340428 
340429 
340430 
340431 
340432 
340433 
340434 
340435 
340436 
340437 
340438 
340439 
340440 
340441 
340442 
340443 
340444 
340445 
340446 
340447 
340448 
340449 
340450 
340451 
340452 
340453 
340454 
340455 
340456 
340457 
340458 
340459 
340460 
340461 
340462 
340463 
340464 
340465 
340466 
340467 
340468 
340469 
340470 
340471 
340472 
340473 
340474 
340475 
340476 
340477 
340478 
340479 
340480 
340481 
340482 
340483 
340484 
340485 
340486 
340487 
340488 
340489 
340490 
340491 
340492 
340493 
340494 
340495 
340496 
340497 
340498 
340499 
340500 
340501 
340502 
340503 
340504 
340505 
340506 
340507 
340508 
340509 
340510 
340511 
340512 
340513 
340514 
340515 
340516 
340517 
340518 
340519 
340520 
340521 
340522 
340523 
340524 
340525 
340526 
340527 
340528 
340529 
340530 
340531 
340532 
340533 
340534 
340535 
340536 
340537 
340538 
340539 
340540 
340541 
340542 
340543 
340544 
340545 
340546 
340547 
340548 
340549 
340550 
340551 
340552 
340553 
340554 
340555 
340556 
340557 
340558 
340559 
340560 
340561 
340562 
340563 
340564 
340565 
340566 
340567 
340568 
340569 
340570 
340571 
340572 
340573 
340574 
340575 
340576 
340577 
340578 
340579 
340580 
340581 
340582 
340583 
340584 
340585 
340586 
340587 
340588 
340589 
340590 
340591 
340592 
340593 
340594 
340595 
340596 
340597 
340598 
340599 
340600 
340601 
340602 
340603 
340604 
340605 
340606 
340607 
340608 
340609 
340610 
340611 
340612 
340613 
340614 
340615 
340616 
340617 
340618 
340619 
340620 
340621 
340622 
340623 
340624 
340625 
340626 
340627 
340628 
340629 
340630 
340631 
340632 
340633 
340634 
340635 
340636 
340637 
340638 
340639 
340640 
340641 
340642 
340643 
340644 
340645 
340646 
340647 
340648 
340649 
340650 
340651 
340652 
340653 
340654 
340655 
340656 
340657 
340658 
340659 
340660 
340661 
340662 
340663 
340664 
340665 
340666 
340667 
340668 
340669 
340670 
340671 
340672 
340673 
340674 
340675 
340676 
340677 
340678 
340679 
340680 
340681 
340682 
340683 
340684 
340685 
340686 
340687 
340688 
340689 
340690 
340691 
340692 
340693 
340694 
340695 
340696 
340697 
340698 
340699 
340700 
340701 
340702 
340703 
340704 
340705 
340706 
340707 
340708 
340709 
340710 
340711 
340712 
340713 
340714 
340715 
340716 
340717 
340718 
340719 
340720 
340721 
340722 
340723 
340724 
340725 
340726 
340727 
340728 
340729 
340730 
340731 
340732 
340733 
340734 
340735 
340736 
340737 
340738 
340739 
340740 
340741 
340742 
340743 
340744 
340745 
340746 
340747 
340748 
340749 
340750 
340751 
340752 
340753 
340754 
340755 
340756 
340757 
340758 
340759 
340760 
340761 
340762 
340763 
340764 
340765 
340766 
340767 
340768 
340769 
340770 
340771 
340772 
340773 
340774 
340775 
340776 
340777 
340778 
340779 
340780 
340781 
340782 
340783 
340784 
340785 
340786 
340787 
340788 
340789 
340790 
340791 
340792 
340793 
340794 
340795 
340796 
340797 
340798 
340799 
340800 
340801 
340802 
340803 
340804 
340805 
340806 
340807 
340808 
340809 
340810 
340811 
340812 
340813 
340814 
340815 
340816 
340817 
340818 
340819 
340820 
340821 
340822 
340823 
340824 
340825 
340826 
340827 
340828 
340829 
340830 
340831 
340832 
340833 
340834 
340835 
340836 
340837 
340838 
340839 
340840 
340841 
340842 
340843 
340844 
340845 
340846 
340847 
340848 
340849 
340850 
340851 
340852 
340853 
340854 
340855 
340856 
340857 
340858 
340859 
340860 
340861 
340862 
340863 
340864 
340865 
340866 
340867 
340868 
340869 
340870 
340871 
340872 
340873 
340874 
340875 
340876 
340877 
340878 
340879 
340880 
340881 
340882 
340883 
340884 
340885 
340886 
340887 
340888 
340889 
340890 
340891 
340892 
340893 
340894 
340895 
340896 
340897 
340898 
340899 
340900 
340901 
340902 
340903 
340904 
340905 
340906 
340907 
340908 
340909 
340910 
340911 
340912 
340913 
340914 
340915 
340916 
340917 
340918 
340919 
340920 
340921 
340922 
340923 
340924 
340925 
340926 
340927 
340928 
340929 
340930 
340931 
340932 
340933 
340934 
340935 
340936 
340937 
340938 
340939 
340940 
340941 
340942 
340943 
340944 
340945 
340946 
340947 
340948 
340949 
340950 
340951 
340952 
340953 
340954 
340955 
340956 
340957 
340958 
340959 
340960 
340961 
340962 
340963 
340964 
340965 
340966 
340967 
340968 
340969 
340970 
340971 
340972 
340973 
340974 
340975 
340976 
340977 
340978 
340979 
340980 
340981 
340982 
340983 
340984 
340985 
340986 
340987 
340988 
340989 
340990 
340991 
340992 
340993 
340994 
340995 
340996 
340997 
340998 
340999 
341000 
341001 
341002 
341003 
341004 
341005 
341006 
341007 
341008 
341009 
341010 
341011 
341012 
341013 
341014 
341015 
341016 
341017 
341018 
341019 
341020 
341021 
341022 
341023 
341024 
341025 
341026 
341027 
341028 
341029 
341030 
341031 
341032 
341033 
341034 
341035 
341036 
341037 
341038 
341039 
341040 
341041 
341042 
341043 
341044 
341045 
341046 
341047 
341048 
341049 
341050 
341051 
341052 
341053 
341054 
341055 
341056 
341057 
341058 
341059 
341060 
341061 
341062 
341063 
341064 
341065 
341066 
341067 
341068 
341069 
341070 
341071 
341072 
341073 
341074 
341075 
341076 
341077 
341078 
341079 
341080 
341081 
341082 
341083 
341084 
341085 
341086 
341087 
341088 
341089 
341090 
341091 
341092 
341093 
341094 
341095 
341096 
341097 
341098 
341099 
341100 
341101 
341102 
341103 
341104 
341105 
341106 
341107 
341108 
341109 
341110 
341111 
341112 
341113 
341114 
341115 
341116 
341117 
341118 
341119 
341120 
341121 
341122 
341123 
341124 
341125 
341126 
341127 
341128 
341129 
341130 
341131 
341132 
341133 
341134 
341135 
341136 
341137 
341138 
341139 
341140 
341141 
341142 
341143 
341144 
341145 
341146 
341147 
341148 
341149 
341150 
341151 
341152 
341153 
341154 
341155 
341156 
341157 
341158 
341159 
341160 
341161 
341162 
341163 
341164 
341165 
341166 
341167 
341168 
341169 
341171 
341172 
341173 
341174 
341175 
341176 
341177 
341178 
341179 
341180 
341181 
341182 
341183 
341184 
341185 
341186 
341187 
341188 
341189 
341190 
341191 
341192 
341193 
341194 
341195 
341196 
341197 
341198 
341199 
341200 
341201 
341202 
341203 
341204 
341205 
341206 
341207 
341208 
341209 
341210 
341211 
341212 
341213 
341214 
341215 
341216 
341217 
341218 
341219 
341220 
341221 
341222 
341223 
341224 
341225 
341226 
341227 
341228 
341229 
341230 
341231 
341232 
341233 
341234 
341235 
341236 
341237 
341238 
341239 
341240 
341241 
341242 
341243 
341244 
341245 
341246 
341247 
341248 
341249 
341250 
341251 
341252 
341253 
341254 
341255 
341256 
341257 
341258 
341259 
341260 
341261 
341262 
341263 
341264 
341265 
341266 
341267 
341268 
341269 
341270 
341271 
341272 
341273 
341274 
341275 
341276 
341277 
341278 
341279 
341280 
341281 
341282 
341283 
341284 
341285 
341286 
341287 
341288 
341289 
341290 
341291 
341292 
341293 
341295 
341296 
341297 
341298 
341299 
341300 
341301 
341302 
341303 
341304 
341305 
341306 
341307 
341308 
341309 
341310 
341311 
341312 
341313 
341314 
341315 
341316 
341317 
341318 
341319 
341320 
341321 
341322 
341323 
341324 
341325 
341326 
341327 
341328 
341329 
341330 
341331 
341332 
341333 
341334 
341335 
341336 
341337 
341338 
341339 
341340 
341341 
341342 
341343 
341344 
341345 
341346 
341347 
341348 
341349 
341350 
341351 
341352 
341353 
341354 
341355 
341356 
341357 
341358 
341359 
341360 
341361 
341362 
341363 
341364 
341365 
341366 
341367 
341368 
341369 
341370 
341371 
341372 
341373 
341374 
341375 
341376 
341377 
341378 
341379 
341380 
341381 
341382 
341383 
341384 
341385 
341386 
341387 
341388 
341389 
341390 
341391 
341392 
341393 
341394 
341395 
341396 
341397 
341398 
341399 
341400 
341401 
341402 
341403 
341404 
341405 
341406 
341407 
341408 
341409 
341410 
341411 
341412 
341413 
341414 
341415 
341416 
341417 
341418 
341419 
341420 
341421 
341422 
341423 
341424 
341425 
341426 
341427 
341428 
341429 
341430 
341431 
341432 
341433 
341434 
341435 
341436 
341437 
341438 
341439 
341440 
341441 
341442 
341443 
341444 
341445 
341446 
341447 
341448 
341449 
341450 
341451 
341452 
341453 
341454 
341455 
341456 
341457 
341458 
341459 
341460 
341461 
341462 
341463 
341464 
341465 
341466 
341467 
341468 
341469 
341470 
341471 
341472 
341473 
341474 
341475 
341476 
341477 
341478 
341479 
341480 
341481 
341482 
341483 
341484 
341485 
341486 
341487 
341488 
341489 
341490 
341491 
341492 
341493 
341494 
341495 
341496 
341497 
341498 
341499 
341500 
341501 
341502 
341503 
341504 
341505 
341506 
341507 
341508 
341509 
341510 
341511 
341512 
341513 
341514 
341515 
341516 
341517 
341518 
341519 
341520 
341521 
341522 
341523 
341524 
341525 
341526 
341527 
341528 
341529 
341530 
341531 
341532 
341533 
341534 
341535 
341536 
341537 
341538 
341539 
341540 
341541 
341542 
341543 
341544 
341545 
341546 
341547 
341548 
341549 
341550 
341551 
341552 
341553 
341554 
341555 
341556 
341557 
341558 
341559 
341560 
341561 
341562 
341563 
341564 
341565 
341566 
341567 
341568 
341569 
341570 
341571 
341572 
341573 
341574 
341575 
341576 
341577 
341578 
341579 
341580 
341581 
341582 
341583 
341584 
341585 
341586 
341587 
341588 
341589 
341590 
341591 
341592 
341593 
341594 
341595 
341596 
341597 
341598 
341599 
341600 
341601 
341602 
341603 
341604 
341605 
341606 
341607 
341608 
341609 
341610 
341611 
341612 
341613 
341614 
341615 
341616 
341617 
341618 
341619 
341620 
341621 
341622 
341623 
341624 
341625 
341626 
341627 
341628 
341629 
341630 
341631 
341632 
341633 
341634 
341635 
341636 
341637 
341638 
341639 
341640 
341641 
341642 
341643 
341644 
341645 
341646 
341647 
341648 
341649 
341650 
341651 
341652 
341653 
341654 
341655 
341656 
341657 
341658 
341659 
341660 
341661 
341662 
341663 
341664 
341665 
341666 
341667 
341668 
341669 
341670 
341671 
341672 
341673 
341674 
341675 
341676 
341677 
341678 
341679 
341680 
341681 
341682 
341683 
341684 
341685 
341686 
341687 
341688 
341689 
341690 
341691 
341692 
341693 
341694 
341695 
341696 
341697 
341698 
341699 
341700 
341701 
341702 
341703 
341704 
341705 
341706 
341707 
341708 
341709 
341710 
341711 
341712 
341713 
341714 
341715 
341716 
341717 
341718 
341719 
341720 
341721 
341722 
341723 
341724 
341725 
341726 
341727 
341728 
341729 
341730 
341731 
341732 
341733 
341734 
341735 
341736 
341737 
341738 
341739 
341740 
341741 
341742 
341743 
341745 
341746 
341747 
341748 
341749 
341750 
341751 
341752 
341753 
341754 
341755 
341756 
341757 
341758 
341759 
341760 
341761 
341762 
341763 
341764 
341765 
341766 
341767 
341768 
341769 
341770 
341771 
341772 
341773 
341774 
341775 
341776 
341777 
341778 
341779 
341780 
341781 
341782 
341783 
341784 
341785 
341786 
341787 
341788 
341789 
341790 
341791 
341792 
341793 
341794 
)

// ************************************************************************* //
