/*--------------------------------*- C++ -*----------------------------------*\
| =========                 |                                                 |
| \\      /  F ield         | foam-extend: Open Source CFD                    |
|  \\    /   O peration     | Version:     4.1                                |
|   \\  /    A nd           | Web:         http://www.foam-extend.org         |
|    \\/     M anipulation  |                                                 |
\*---------------------------------------------------------------------------*/
FoamFile
{
    version     2.0;
    format      ascii;
    class       labelList;
    location    "constant/faMesh";
    object      faceLabels;
}
// * * * * * * * * * * * * * * * * * * * * * * * * * * * * * * * * * * * * * //


999
(
412974
412975
412976
412977
412978
412979
412980
412981
412982
412983
412984
412985
412986
412987
412988
412989
412990
412991
412992
412993
412994
412995
412996
412997
412998
412999
413000
413001
413002
413003
413004
413005
413006
413007
413008
413009
413010
413011
413012
413013
413014
413015
413016
413017
413018
413019
413020
413021
413022
413023
413024
413025
413026
413027
413028
413029
413030
413031
413032
413033
413034
413035
413036
413037
413038
413039
413040
413041
413042
413043
413044
413045
413046
413047
413048
413049
413050
413051
413052
413053
413054
413055
413056
413057
413058
413059
413060
413061
413062
413063
413064
413065
413066
413067
413068
413069
413070
413071
413072
413073
413074
413075
413076
413077
413078
413079
413080
413081
413082
413083
413084
413085
413086
413087
413088
413089
413090
413091
413092
413093
413094
413095
413096
413097
413098
413099
413100
413101
413102
413103
413104
413105
413106
413107
413108
413109
413110
413111
413112
413113
413114
413115
413116
413117
413118
413119
413120
413121
413122
413123
413124
413125
413126
413127
413128
413129
413130
413131
413132
413133
413134
413135
413136
413137
413138
413139
413140
413141
413142
413143
413144
413145
413146
413147
413148
413149
413150
413151
413152
413153
413154
413155
413156
413157
413158
413159
413160
413161
413162
413163
413164
413165
413166
413167
413168
413169
413170
413171
413172
413173
413174
413175
413176
413177
413178
413179
413180
413181
413182
413183
413184
413185
413186
413187
413188
413189
413190
413191
413192
413193
413194
413195
413196
413197
413198
413199
413200
413201
413202
413203
413204
413205
413206
413207
413208
413209
413210
413211
413212
413213
413214
413215
413216
413217
413218
413219
413220
413221
413222
413223
413224
413225
413226
413227
413228
413229
413230
413231
413232
413233
413234
413235
413236
413237
413238
413239
413240
413241
413242
413243
413244
413245
413246
413247
413248
413249
413250
413251
413252
413253
413254
413255
413256
413257
413258
413259
413260
413261
413262
413263
413264
413265
413266
413267
413268
413269
413270
413271
413272
413273
413274
413275
413276
413277
413278
413279
413280
413281
413282
413283
413284
413285
413286
413287
413288
413289
413290
413291
413292
413293
413294
413295
413296
413297
413298
413299
413300
413301
413302
413303
413304
413305
413306
413307
413308
413309
413310
413311
413312
413313
413314
413315
413316
413317
413318
413319
413320
413321
413322
413323
413324
413325
413326
413327
413328
413329
413330
413331
413332
413333
413334
413335
413336
413337
413338
413339
413340
413341
413342
413343
413344
413345
413346
413347
413348
413349
413350
413351
413352
413353
413354
413355
413356
413357
413358
413359
413360
413361
413362
413363
413364
413365
413366
413367
413368
413369
413370
413371
413372
413373
413374
413375
413376
413377
413378
413379
413380
413381
413382
413383
413384
413385
413386
413387
413388
413389
413390
413391
413392
413393
413394
413395
413396
413397
413398
413399
413400
413401
413402
413403
413404
413405
413406
413407
413408
413409
413410
413411
413412
413413
413414
413415
413416
413417
413418
413419
413420
413421
413422
413423
413424
413425
413426
413427
413428
413429
413430
413431
413432
413433
413434
413435
413436
413437
413438
413439
413440
413441
413442
413443
413444
413445
413446
413447
413448
413449
413450
413451
413452
413453
413454
413455
413456
413457
413458
413459
413460
413461
413462
413463
413464
413465
413466
413467
413468
413469
413470
413471
413472
413473
413474
413475
413476
413477
413478
413479
413480
413481
413482
413483
413484
413485
413486
413487
413488
413489
413490
413491
413492
413493
413494
413495
413496
413497
413498
413499
413500
413501
413502
413503
413504
413505
413506
413507
413508
413509
413510
413511
413512
413513
413514
413515
413516
413517
413518
413519
413520
413521
413522
413523
413524
413525
413526
413527
413528
413529
413530
413531
413532
413533
413534
413535
413536
413537
413538
413539
413540
413541
413542
413543
413544
413545
413546
413547
413548
413549
413550
413551
413552
413553
413554
413555
413556
413557
413558
413559
413560
413561
413562
413563
413564
413565
413566
413567
413568
413569
413570
413571
413572
413573
413574
413575
413576
413577
413578
413579
413580
413581
413582
413583
413584
413585
413586
413587
413588
413589
413590
413591
413592
413593
413594
413595
413596
413597
413598
413599
413600
413601
413602
413603
413604
413605
413606
413607
413608
413609
413610
413611
413612
413613
413614
413615
413616
413617
413618
413619
413620
413621
413622
413623
413624
413625
413626
413627
413628
413629
413630
413631
413632
413633
413634
413635
413636
413637
413638
413639
413640
413641
413642
413643
413644
413645
413646
413647
413648
413649
413650
413651
413652
413653
413654
413655
413656
413657
413658
413659
413660
413661
413662
413663
413664
413665
413666
413667
413668
413669
413670
413671
413672
413673
413674
413675
413676
413677
413678
413679
413680
413681
413682
413683
413684
413685
413686
413687
413688
413689
413690
413691
413692
413693
413694
413695
413696
413697
413698
413699
413700
413701
413702
413703
413704
413705
413706
413707
413708
413709
413710
413711
413712
413713
413714
413715
413716
413717
413718
413719
413720
413721
413722
413723
413724
413725
413726
413727
413728
413729
413730
413731
413732
413733
413734
413735
413736
413737
413738
413739
413740
413741
413742
413743
413744
413745
413746
413747
413748
413749
413750
413751
413752
413753
413754
413755
413756
413757
413758
413759
413760
413761
413762
413763
413764
413765
413766
413767
413768
413769
413770
413771
413772
413773
413774
413775
413776
413777
413778
413779
413780
413781
413782
413783
413784
413785
413786
413787
413788
413789
413790
413791
413792
413793
413794
413795
413796
413797
413798
413799
413800
413801
413802
413803
413804
413805
413806
413807
413808
413809
413810
413811
413812
413813
413814
413815
413816
413817
413818
413819
413820
413821
413822
413823
413824
413825
413826
413827
413828
413829
413830
413831
413832
413833
413834
413835
413836
413837
413838
413839
413840
413841
413842
413843
413844
413845
413846
413847
413848
413849
413850
413851
413852
413853
413854
413855
413856
413857
413858
413859
413860
413861
413862
413863
413864
413865
413866
413867
413868
413869
413870
413871
413872
413873
413874
413875
413876
413877
413878
413879
413880
413881
413882
413883
413884
413885
413886
413887
413888
413889
413890
413891
413892
413893
413894
413895
413896
413897
413898
413899
413900
413901
413902
413903
413904
413905
413906
413907
413908
413909
413910
413911
413912
413913
413914
413915
413916
413917
413918
413919
413920
413921
413922
413923
413924
413925
413926
413927
413928
413929
413930
413931
413932
413933
413934
413935
413936
413937
413938
413939
413940
413941
413942
413943
413944
413945
413946
413947
413948
413949
413950
413951
413952
413953
413954
413955
413956
413957
413958
413959
413960
413961
413962
413963
413964
413965
413966
413967
413968
413969
413970
413971
413972
)


// ************************************************************************* //
