/*--------------------------------*- C++ -*----------------------------------*\
| =========                 |                                                 |
| \\      /  F ield         | foam-extend: Open Source CFD                    |
|  \\    /   O peration     | Version:     4.1                                |
|   \\  /    A nd           | Web:         http://www.foam-extend.org         |
|    \\/     M anipulation  |                                                 |
\*---------------------------------------------------------------------------*/
FoamFile
{
    version     2.0;
    format      ascii;
    class       labelList;
    location    "constant/polyMesh";
    object      faceRegionAddressing;
}
// * * * * * * * * * * * * * * * * * * * * * * * * * * * * * * * * * * * * * //


8266
(
109400
109401
109402
109403
109404
109405
109406
109407
109408
109409
109410
109411
109412
109413
109414
109415
109416
109417
109418
109419
109420
109421
109422
109423
109424
109425
109426
109427
109428
109429
109430
109431
109432
109433
109434
109435
109436
109437
109438
109439
109440
109441
109442
109443
109444
109445
109446
109447
109448
109449
109450
109451
109452
109453
109454
109455
109456
109457
109458
109459
109460
109461
109462
109463
109464
109465
109466
109467
109468
109469
109470
109471
109472
109473
109474
109475
109476
109477
109478
109479
109480
109481
109482
109483
109484
109485
109486
109487
109488
109489
109490
109491
109492
109493
109494
109495
109496
109497
109498
109499
109500
109501
109502
109503
109504
109505
109506
109507
109508
109509
109510
109511
109512
109513
109514
109515
109516
109517
109518
109519
109520
109521
109522
109523
109524
109525
109526
109527
109528
109529
109530
109531
109532
109533
109534
109535
109536
109537
109538
109539
109540
109541
109542
109543
109544
109545
109546
109547
109548
109549
109550
109551
109552
109553
109554
109555
109556
109557
109558
109559
109560
109561
109562
109563
109564
109565
109566
109567
109568
109569
109570
109571
109572
109573
109574
109575
109576
109577
109578
109579
109580
109581
109582
109583
109584
109585
109586
109587
109588
109589
109590
109591
109592
109593
109594
109595
109596
109597
109598
109599
109600
109601
109602
109603
109604
109605
109606
109607
109608
109609
109610
109611
109612
109613
109614
109615
109616
109617
109618
109619
109620
109621
109622
109623
109624
109625
109626
109627
109628
109629
109630
109631
109632
109633
109634
109635
109636
109637
109638
109639
109640
109641
109642
109643
109644
109645
109646
109647
109648
109649
109650
109651
109652
109653
109654
109655
109656
109657
109658
109659
109660
109661
109662
109663
109664
109665
109666
109667
109668
109669
109670
109671
109672
109673
109674
109675
109676
109677
109678
109679
109680
109681
109682
109683
109684
109685
109686
109687
109688
109689
109690
109691
109692
109693
109694
109695
109696
109697
109698
109699
109700
109701
109702
109703
109704
109705
109706
109707
109708
109709
109710
109711
109712
109713
109714
109715
109716
109717
109718
109719
109720
109721
109722
109723
109724
109725
109726
109727
109728
109729
109730
109731
109732
109733
109734
109735
109736
109737
109738
109739
109740
109741
109742
109743
109744
109745
109746
109747
109748
109749
109750
109751
109752
109753
109754
109755
109756
109757
109758
109759
109760
109761
109762
109763
109764
109765
109766
109767
109768
109769
109770
109771
109772
109773
109774
109775
109776
109777
109778
109779
109780
109781
109782
109783
109784
109785
109786
109787
109788
109789
109790
109791
109792
109793
109794
109795
109796
109797
109798
109799
109800
109801
109802
109803
109804
109805
109806
109807
109808
109809
109810
109811
109812
109813
109814
109815
109816
109817
109818
109819
109820
109821
109822
109823
109824
109825
109826
109827
109828
109829
109830
109831
109832
109833
109834
109835
109836
109837
109838
109839
109840
109841
109842
109843
109844
109845
109846
109847
109848
109849
109850
109851
109852
109853
109854
109855
109856
109857
109858
109859
109860
109861
109862
109863
109864
109865
109866
109867
109868
109869
109870
109871
109872
109873
109874
109875
109876
109877
109878
109879
109880
109881
109882
109883
109884
109885
109886
109887
109888
109889
109890
109891
109892
109893
109894
109895
109896
109897
109898
109899
109900
109901
109902
109903
109904
109905
109906
109907
109908
109909
109910
109911
109912
109913
109914
109915
109916
109917
109918
109919
109920
109921
109922
109923
109924
109925
109926
109927
109928
109929
109930
109931
109932
109933
109934
109935
109936
109937
109938
109939
109940
109941
109942
109943
109944
109945
109946
109947
109948
109949
109950
109951
109952
109953
109954
109955
109956
109957
109958
109959
109960
109961
109962
109963
109964
109965
109966
109967
109968
109969
109970
109971
109972
109973
109974
109975
109976
109977
109978
109979
109980
109981
109982
109983
109984
109985
109986
109987
109988
109989
109990
109991
109992
109993
109994
109995
109996
109997
109998
109999
110000
110001
110002
110003
110004
110005
110006
110007
110008
110009
110010
110011
110012
110013
110014
110015
110016
110017
110018
110019
110020
110021
110022
110023
110024
110025
110026
110027
110028
110029
110030
110031
110032
110033
110034
110035
110036
110037
110038
110039
110040
110041
110042
110043
110044
110045
110046
110047
110048
110049
110050
110051
110052
110053
110054
110055
110056
110057
110058
110059
110060
110061
110062
110063
110064
110065
110066
110067
110068
110069
110070
110071
110072
110073
110074
110075
110076
110077
110078
110079
110080
110081
110082
110083
110084
110085
110086
110087
110088
110089
110090
110091
110092
110093
110094
110095
110096
110097
110098
110099
110100
110101
110102
110103
110104
110105
110106
110107
110108
110109
110110
110111
110112
110113
110114
110115
110116
110117
110118
110119
110120
110121
110122
110123
110124
110125
110126
110127
110128
110129
110130
110131
110132
110133
110134
110135
110136
110137
110138
110139
110140
110141
110142
110143
110144
110145
110146
110147
110148
110149
110150
110151
110152
110153
110154
110155
110156
110157
110158
110159
110160
110161
110162
110163
110164
110165
110166
110167
110168
110169
110170
110171
110172
110173
110174
110175
110176
110177
110178
110179
110180
110181
110182
110183
110184
110185
110186
110187
110188
110189
110190
110191
110192
110193
110194
110195
110196
110197
110198
110199
110200
110201
110202
110203
110204
110205
110206
110207
110208
110209
110210
110211
110212
110213
110214
110215
110216
110217
110218
110219
110220
110221
110222
110223
110224
110225
110226
110227
110228
110229
110230
110231
110232
110233
110234
110235
110236
110237
110238
110239
110240
110241
110242
110243
110244
110245
110246
110247
110248
110249
110250
110251
110252
110253
110254
110255
110256
110257
110258
110259
110260
110261
110262
110263
110264
110265
110266
110267
110268
110269
110270
110271
110272
110273
110274
110275
110276
110277
110278
110279
110280
110281
110282
110283
110284
110285
110286
110287
110288
110289
110290
110291
110292
110293
110294
110295
110296
110297
110298
110299
110300
110301
110302
110303
110304
110305
110306
110307
110308
110309
110310
110311
110312
110313
110314
110315
110316
110317
110318
110319
110320
110321
110322
110323
110324
110325
110326
110327
110328
110329
110330
110331
110332
110333
110334
110335
110336
110337
110338
110339
110340
110341
110342
110343
110344
110345
110346
110347
110348
110349
110350
110351
110352
110353
110354
110355
110356
110357
110358
110359
110360
110361
110362
110363
110364
110365
110366
110367
110368
110369
110370
110371
110372
110373
110374
110375
110376
110377
110378
110379
110380
110381
110382
110383
110384
110385
110386
110387
110388
110389
110390
110391
110392
110393
110394
110395
110396
110397
110398
110399
110400
110401
110402
110403
110404
110405
110406
110407
110408
110409
110410
110411
110412
110413
110414
110415
110416
110417
110418
110419
110420
110421
110422
110423
110424
110425
110426
110427
110428
110429
110430
110431
110432
110433
110434
110435
110436
110437
110438
110439
110440
110441
110442
110443
110444
110445
110446
110447
110448
110449
110450
110451
110452
110453
110454
110455
110456
110457
110458
110459
110460
110461
110462
110463
110464
110465
110466
110467
110468
110469
110470
110471
110472
110473
110474
110475
110476
110477
110478
110479
110480
110481
110482
110483
110484
110485
110486
110487
110488
110489
110490
110491
110492
110493
110494
110495
110496
110497
110498
110499
110500
110501
110502
110503
110504
110505
110506
110507
110508
110509
110510
110511
110512
110513
110514
110515
110516
110517
110518
110519
110520
110521
110522
110523
110524
110525
110526
110527
110528
110529
110530
110531
110532
110533
110534
110535
110536
110537
110538
110539
110540
110541
110542
110543
110544
110545
110546
110547
110548
110549
110550
110551
110552
110553
110554
110555
110556
110557
110558
110559
110560
110561
110562
110563
110564
110565
110566
110567
110568
110569
110570
110571
110572
110573
110574
110575
110576
110577
110578
110579
110580
110581
110582
110583
110584
110585
110586
110587
110588
110589
110590
110591
110592
110593
110594
110595
110596
110597
110598
110599
110600
110601
110602
110603
110604
110605
110606
110607
110608
110609
110610
110611
110612
110613
110614
110615
110616
110617
110618
110619
110620
110621
110622
110623
110624
110625
110626
110627
110628
110629
110630
110631
110632
110633
110634
110635
110636
110637
110638
110639
110640
110641
110642
110643
110644
110645
110646
110647
110648
110649
110650
110651
110652
110653
110654
110655
110656
110657
110658
110659
110660
110661
110662
110663
110664
110665
110666
110667
110668
110669
110670
110671
110672
110673
110674
110675
110676
110677
110678
110679
110680
110681
110682
110683
110684
110685
110686
110687
110688
110689
110690
110691
110692
110693
110694
110695
110696
110697
110698
110699
110700
110701
110702
110703
110704
110705
110706
110707
110708
110709
110710
110711
110712
110713
110714
110715
110716
110717
110718
110719
110720
110721
110722
110723
110724
110725
110726
110727
110728
110729
110730
110731
110732
110733
110734
110735
110736
110737
110738
110739
110740
110741
110742
110743
110744
110745
110746
110747
110748
110749
110750
110751
110752
110753
110754
110755
110756
110757
110758
110759
110760
110761
110762
110763
110764
110765
110766
110767
110768
110769
110770
110771
110772
110773
110774
110775
110776
110777
110778
110779
110780
110781
110782
110783
110784
110785
110786
110787
110788
110789
110790
110791
110792
110793
110794
110795
110796
110797
110798
110799
110800
110801
110802
110803
110804
110805
110806
110807
110808
110809
110810
110811
110812
110813
110814
110815
110816
110817
110818
110819
110820
110821
110822
110823
110824
110825
110826
110827
110828
110829
110830
110831
110832
110833
110834
110835
110836
110837
110838
110839
110840
110841
110842
110843
110844
110845
110846
110847
110848
110849
110850
110851
110852
110853
110854
110855
110856
110857
110858
110859
110860
110861
110862
110863
110864
110865
110866
110867
110868
110869
110870
110871
110872
110873
110874
110875
110876
110877
110878
110879
110880
110881
110882
110883
110884
110885
110886
110887
110888
110889
110890
110891
110892
110893
110894
110895
110896
110897
110898
110899
110900
110901
110902
110903
110904
110905
110906
110907
110908
110909
110910
110911
110912
110913
110914
110915
110916
110917
110918
110919
110920
110921
110922
110923
110924
110925
110926
110927
110928
110929
110930
110931
110932
110933
110934
110935
110936
110937
110938
110939
110940
110941
110942
110943
110944
110945
110946
110947
110948
110949
110950
110951
110952
110953
110954
110955
110956
110957
110958
110959
110960
110961
110962
110963
110964
110965
110966
110967
110968
110969
110970
110971
110972
110973
110974
110975
110976
110977
110978
110979
110980
110981
110982
110983
110984
110985
110986
110987
110988
110989
110990
110991
110992
110993
110994
110995
110996
110997
110998
110999
111000
111001
111002
111003
111004
111005
111006
111007
111008
111009
111010
111011
111012
111013
111014
111015
111016
111017
111018
111019
111020
111021
111022
111023
111024
111025
111026
111027
111028
111029
111030
111031
111032
111033
111034
111035
111036
111037
111038
111039
111040
111041
111042
111043
111044
111045
111046
111047
111048
111049
111050
111051
111052
111053
111054
111055
111056
111057
111058
111059
111060
111061
111062
111063
111064
111065
111066
111067
111068
111069
111070
111071
111072
111073
111074
111075
111076
111077
111078
111079
111080
111081
111082
111083
111084
111085
111086
111087
111088
111089
111090
111091
111092
111093
111094
111095
111096
111097
111098
111099
111100
111101
111102
111103
111104
111105
111106
111107
111108
111109
111110
111111
111112
111113
111114
111115
111116
111117
111118
111119
111120
111121
111122
111123
111124
111125
111126
111127
111128
111129
111130
111131
111132
111133
111134
111135
111136
111137
111138
111139
111140
111141
111142
111143
111144
111145
111146
111147
111148
111149
111150
111151
111152
111153
111154
111155
111156
111157
111158
111159
111160
111161
111162
111163
111164
111165
111166
111167
111168
111169
111170
111171
111172
111173
111174
111175
111176
111177
111178
111179
111180
111181
111182
111183
111184
111185
111186
111187
111188
111189
111190
111191
111192
111193
111194
111195
111196
111197
111198
111199
111200
111201
111202
111203
111204
111205
111206
111207
111208
111209
111210
111211
111212
111213
111214
111215
111216
111217
111218
111219
111220
111221
111222
111223
111224
111225
111226
111227
111228
111229
111230
111231
111232
111233
111234
111235
111236
111237
111238
111239
111240
111241
111242
111243
111244
111245
111246
111247
111248
111249
111250
111251
111252
111253
111254
111255
111256
111257
111258
111259
111260
111261
111262
111263
111264
111265
111266
111267
111268
111269
111270
111271
111272
111273
111274
111275
111276
111277
111278
111279
111280
111281
111282
111283
111284
111285
111286
111287
111288
111289
111290
111291
111292
111293
111294
111295
111296
111297
111298
111299
111300
111301
111302
111303
111304
111305
111306
111307
111308
111309
111310
111311
111312
111313
111314
111315
111316
111317
111318
111319
111320
111321
111322
111323
111324
111325
111326
111327
111328
111329
111330
111331
111332
111333
111334
111335
111336
111337
111338
111339
111340
111341
111342
111343
111344
111345
111346
111347
111348
111349
111350
111351
111352
111353
111354
111355
111356
111357
111358
111359
111360
111361
111362
111363
111364
111365
111366
111367
111368
111369
111370
111371
111372
111373
111374
111375
111376
111377
111378
111379
111380
111381
111382
111383
111384
111385
111386
111387
111388
111389
111390
111391
111392
111393
111394
111395
111396
111397
111398
111399
111400
111401
111402
111403
111404
111405
111406
111407
111408
111409
111410
111411
111412
111413
111414
111415
111416
111417
111418
111419
111420
111421
111422
111423
111424
111425
111426
111427
111428
111429
111430
111431
111432
111433
111434
111435
111436
111437
111438
111439
111440
111441
111442
111443
111444
111445
111446
111447
111448
111449
111450
111451
111452
111453
111454
111455
111456
111457
111458
111459
111460
111461
111462
111463
111464
111465
111466
111467
111468
111469
111470
111471
111472
111473
111474
111475
111476
111477
111478
111479
111480
111481
111482
111483
111484
111485
111486
111487
111488
111489
111490
111491
111492
111493
111494
111495
111496
111497
111498
111499
111500
111501
111502
111503
111504
111505
111506
111507
111508
111509
111510
111511
111512
111513
111514
111515
111516
111517
111518
111519
111520
111521
111522
111523
111524
111525
111526
111527
111528
111529
111530
111531
111532
111533
111534
111535
111536
111537
111538
111539
111540
111541
111542
111543
111544
111545
111546
111547
111548
111549
111550
111551
111552
111553
111554
111555
111556
111557
111558
111559
111560
111561
111562
111563
111564
111565
111566
111567
111568
111569
111570
111571
111572
111573
111574
111575
111576
111577
111578
111579
111580
111581
111582
111583
111584
111585
111586
111587
111588
111589
111590
111591
111592
111593
111594
111595
111596
111597
111598
111599
111600
111601
111602
111603
111604
111605
111606
111607
111608
111609
111610
111611
111612
111613
111614
111615
111616
111617
111618
111619
111620
111621
111622
111623
111624
111625
111626
111627
111628
111629
111630
111631
111632
111633
111634
111635
111636
111637
111638
111639
111640
111641
111642
111643
111644
111645
111646
111647
111648
111649
111650
111651
111652
111653
111654
111655
111656
111657
111658
111659
111660
111661
111662
111663
111664
111665
111666
111667
111668
111669
111670
111671
111672
111673
111674
111675
111676
111677
111678
111679
111680
111681
111682
111683
111684
111685
111686
111687
111688
111689
111690
111691
111692
111693
111694
111695
111696
111697
111698
111699
111700
111701
111702
111703
111704
111705
111706
111707
111708
111709
111710
111711
111712
111713
111714
111715
111716
111717
111718
111719
111720
111721
111722
111723
111724
111725
111726
111727
111728
111729
111730
111731
111732
111733
111734
111735
111736
111737
111738
111739
111740
111741
111742
111743
111744
111745
111746
111747
111748
111749
111750
111751
111752
111753
111754
111755
111756
111757
111758
111759
111760
111761
111762
111763
111764
111765
111766
111767
111768
111769
111770
111771
111772
111773
111774
111775
111776
111777
111778
111779
111780
111781
111782
111783
111784
111785
111786
111787
111788
111789
111790
111791
111792
111793
111794
111795
111796
111797
111798
111799
111800
111801
111802
111803
111804
111805
111806
111807
111808
111809
111810
111811
111812
111813
111814
111815
111816
111817
111818
111819
111820
111821
111822
111823
111824
111825
111826
111827
111828
111829
111830
111831
111832
111833
111834
111835
111836
111837
111838
111839
111840
111841
111842
111843
111844
111845
111846
111847
111848
111849
111850
111851
111852
111853
111854
111855
111856
111857
111858
111859
111860
111861
111862
111863
111864
111865
111866
111867
111868
111869
111870
111871
111872
111873
111874
111875
111876
111877
111878
111879
111880
111881
111882
111883
111884
111885
111886
111887
111888
111889
111890
111891
111892
111893
111894
111895
111896
111897
111898
111899
111900
111901
111902
111903
111904
111905
111906
111907
111908
111909
111910
111911
111912
111913
111914
111915
111916
111917
111918
111919
111920
111921
111922
111923
111924
111925
111926
111927
111928
111929
111930
111931
111932
111933
111934
111935
111936
111937
111938
111939
111940
111941
111942
111943
111944
111945
111946
111947
111948
111949
111950
111951
111952
111953
111954
111955
111956
111957
111958
111959
111960
111961
111962
111963
111964
111965
111966
111967
111968
111969
111970
111971
111972
111973
111974
111975
111976
111977
111978
111979
111980
111981
111982
111983
111984
111985
111986
111987
111988
111989
111990
111991
111992
111993
111994
111995
111996
111997
111998
111999
112000
112001
112002
112003
112004
112005
112006
112007
112008
112009
112010
112011
112012
112013
112014
112015
112016
112017
112018
112019
112020
112021
112022
112023
112024
112025
112026
112027
112028
112029
112030
112031
112032
112033
112034
112035
112036
112037
112038
112039
112040
112041
112042
112043
112044
112045
112046
112047
112048
112049
112050
112051
112052
112053
112054
112055
112056
112057
112058
112059
112060
112061
112062
112063
112064
112065
112066
112067
112068
112069
112070
112071
112072
112073
112074
112075
112076
112077
112078
112079
112080
112081
112082
112083
112084
112085
112086
112087
112088
112089
112090
112091
112092
112093
112094
112095
112096
112097
112098
112099
112100
112101
112102
112103
112104
112105
112106
112107
112108
112109
112110
112111
112112
112113
112114
112115
112116
112117
112118
112119
112120
112121
112122
112123
112124
112125
112126
112127
112128
112129
112130
112131
112132
112133
112134
112135
112136
112137
112138
112139
112140
112141
112142
112143
112144
112145
112146
112147
112148
112149
112150
112151
112152
112153
112154
112155
112156
112157
112158
112159
112160
112161
112162
112163
112164
112165
112166
112167
112168
112169
112170
112171
112172
112173
112174
112175
112176
112177
112178
112179
112180
112181
112182
112183
112184
112185
112186
112187
112188
112189
112190
112191
112192
112193
112194
112195
112196
112197
112198
112199
112200
112201
112202
112203
112204
112205
112206
112207
112208
112209
112210
112211
112212
112213
112214
112215
112216
112217
112218
112219
112220
112221
112222
112223
112224
112225
112226
112227
112228
112229
112230
112231
112232
112233
112234
112235
112236
112237
112238
112239
112240
112241
112242
112243
112244
112245
112246
112247
112248
112249
112250
112251
112252
112253
112254
112255
112256
112257
112258
112259
112260
112261
112262
112263
112264
112265
112266
112267
112268
112269
112270
112271
112272
112273
112274
112275
112276
112277
112278
112279
112280
112281
112282
112283
112284
112285
112286
112287
112288
112289
112290
112291
112292
112293
112294
112295
112296
112297
112298
112299
112300
112301
112302
112303
112304
112305
112306
112307
112308
112309
112310
112311
112312
112313
112314
112315
112316
112317
112318
112319
112320
112321
112322
112323
112324
112325
112326
112327
112328
112329
112330
112331
112332
112333
112334
112335
112336
112337
112338
112339
112340
112341
112342
112343
112344
112345
112346
112347
112348
112349
112350
112351
112352
112353
112354
112355
112356
112357
112358
112359
112360
112361
112362
112363
112364
112365
112366
112367
112368
112369
112370
112371
112372
112373
112374
112375
112376
112377
112378
112379
112380
112381
112382
112383
112384
112385
112386
112387
112388
112389
112390
112391
112392
112393
112394
112395
112396
112397
112398
112399
112400
112401
112402
112403
112404
112405
112406
112407
112408
112409
112410
112411
112412
112413
112414
112415
112416
112417
112418
112419
112420
112421
112422
112423
112424
112425
112426
112427
112428
112429
112430
112431
112432
112433
112434
112435
112436
112437
112438
112439
112440
112441
112442
112443
112444
112445
112446
112447
112448
112449
112450
112451
112452
112453
112454
112455
112456
112457
112458
112459
112460
112461
112462
112463
112464
112465
112466
112467
112468
112469
112470
112471
112472
112473
112474
112475
112476
112477
112478
112479
112480
112481
112482
112483
112484
112485
112486
112487
112488
112489
112490
112491
112492
112493
112494
112495
112496
112497
112498
112499
112500
112501
112502
112503
112504
112505
112506
112507
112508
112509
112510
112511
112512
112513
112514
112515
112516
112517
112518
112519
112520
112521
112522
112523
112524
112525
112526
112527
112528
112529
112530
112531
112532
112533
112534
112535
112536
112537
112538
112539
112540
112541
112542
112543
112544
112545
112546
112547
112548
112549
112550
112551
112552
112553
112554
112555
112556
112557
112558
112559
112560
112561
112562
112563
112564
112565
112566
112567
112568
112569
112570
112571
112572
112573
112574
112575
112576
112577
112578
112579
112580
112581
112582
112583
112584
112585
112586
112587
112588
112589
112590
112591
112592
112593
112594
112595
112596
112597
112598
112599
112600
112601
112602
112603
112604
112605
112606
112607
112608
112609
112610
112611
112612
112613
112614
112615
112616
112617
112618
112619
112620
112621
112622
112623
112624
112625
112626
112627
112628
112629
112630
112631
112632
112633
112634
112635
112636
112637
112638
112639
112640
112641
112642
112643
112644
112645
112646
112647
112648
112649
112650
112651
112652
112653
112654
112655
112656
112657
112658
112659
112660
112661
112662
112663
112664
112665
112666
112667
112668
112669
112670
112671
112672
112673
112674
112675
112676
112677
112678
112679
112680
112681
112682
112683
112684
112685
112686
112687
112688
112689
112690
112691
112692
112693
112694
112695
112696
112697
112698
112699
112700
112701
112702
112703
112704
112705
112706
112707
112708
112709
112710
112711
112712
112713
112714
112715
112716
112717
112718
112719
112720
112721
112722
112723
112724
112725
112726
112727
112728
112729
112730
112731
112732
112733
112734
112735
112736
112737
112738
112739
112740
112741
112742
112743
112744
112745
112746
112747
112748
112749
112750
112751
112752
112753
112754
112755
112756
112757
112758
112759
112760
112761
112762
112763
112764
112765
112766
112767
112768
112769
112770
112771
112772
112773
112774
112775
112776
112777
112778
112779
112780
112781
112782
112783
112784
112785
112786
112787
112788
112789
112790
112791
112792
112793
112794
112795
112796
112797
112798
112799
112800
112801
112802
112803
112804
112805
112806
112807
112808
112809
112810
112811
112812
112813
112814
112815
112816
112817
112818
112819
112820
112821
112822
112823
112824
112825
112826
112827
112828
112829
112830
112831
112832
112833
112834
112835
112836
112837
112838
112839
112840
112841
112842
112843
112844
112845
112846
112847
112848
112849
112850
112851
112852
112853
112854
112855
112856
112857
112858
112859
112860
112861
112862
112863
112864
112865
112866
112867
112868
112869
112870
112871
112872
112873
112874
112875
112876
112877
112878
112879
112880
112881
112882
112883
112884
112885
112886
112887
112888
112889
112890
112891
112892
112893
112894
112895
112896
112897
112898
112899
112900
112901
112902
112903
112904
112905
112906
112907
112908
112909
112910
112911
112912
112913
112914
112915
112916
112917
112918
112919
112920
112921
112922
112923
112924
112925
112926
112927
112928
112929
112930
112931
112932
112933
112934
112935
112936
112937
112938
112939
112940
112941
112942
112943
112944
112945
112946
112947
112948
112949
112950
112951
112952
112953
112954
112955
112956
112957
112958
112959
112960
112961
112962
112963
112964
112965
112966
112967
112968
112969
112970
112971
112972
112973
112974
112975
112976
112977
112978
112979
112980
112981
112982
112983
112984
112985
112986
112987
112988
112989
112990
112991
112992
112993
112994
112995
112996
112997
112998
112999
113000
113001
113002
113003
113004
113005
113006
113007
113008
113009
113010
113011
113012
113013
113014
113015
113016
113017
113018
113019
113020
113021
113022
113023
113024
113025
113026
113027
113028
113029
113030
113031
113032
113033
113034
113035
113036
113037
113038
113039
113040
113041
113042
113043
113044
113045
113046
113047
113048
113049
113050
113051
113052
113053
113054
113055
113056
113057
113058
113059
113060
113061
113062
113063
113064
113065
113066
113067
113068
113069
113070
113071
113072
113073
113074
113075
113076
113077
113078
113079
113080
113081
113082
113083
113084
113085
113086
113087
113088
113089
113090
113091
113092
113093
113094
113095
113096
113097
113098
113099
113100
113101
113102
113103
113104
113105
113106
113107
113108
113109
113110
113111
113112
113113
113114
113115
113116
113117
113118
113119
113120
113121
113122
113123
113124
113125
113126
113127
113128
113129
113130
113131
113132
113133
113134
113135
113136
113137
113138
113139
113140
113141
113142
113143
113144
113145
113146
113147
113148
113149
113150
113151
113152
113153
113154
113155
113156
113157
113158
113159
113160
113161
113162
113163
113164
113165
113166
113167
113168
113169
113170
113171
113172
113173
113174
113175
113176
113177
113178
113179
113180
113181
113182
113183
113184
113185
113186
113187
113188
113189
113190
113191
113192
113193
113194
113195
113196
113197
113198
113199
113200
113201
113202
113203
113204
113205
113206
113207
113208
113209
113210
113211
113212
113213
113214
113215
113216
113217
113218
113219
113220
113221
113222
113223
113224
113225
113226
113227
113228
113229
113230
113231
113232
113233
113234
113235
113236
113237
113238
113239
113240
113241
113242
113243
113244
113245
113246
113247
113248
113249
113250
113251
113252
113253
113254
113255
113256
113257
113258
113259
113260
113261
113262
113263
113264
113265
113266
113267
113268
113269
113270
113271
113272
113273
113274
113275
113276
113277
113278
113279
113280
113281
113282
113283
113284
113285
113286
113287
113288
113289
113290
113291
113292
113293
113294
113295
113296
113297
113298
113299
113300
113301
113302
113303
113304
113305
113306
113307
113308
113309
113310
113311
113312
113313
113314
113315
113316
113317
113318
113319
113320
113321
113322
113323
113324
113325
113326
113327
113328
113329
113330
113331
113332
113333
113334
113335
113336
113337
113338
113339
113340
113341
113342
113343
113344
113345
113346
113347
113348
113349
113350
113351
113352
113353
113354
113355
113356
113357
113358
113359
113360
113361
113362
113363
113364
113365
113366
113367
113368
113369
113370
113371
113372
113373
113374
113375
113376
113377
113378
113379
113380
113381
113382
113383
113384
113385
113386
113387
113388
113389
113390
113391
113392
113393
113394
113395
113396
113397
113398
113399
113400
113401
113402
113403
113404
113405
113406
113407
113408
113409
113410
113411
113412
113413
113414
113415
113416
113417
113418
113419
113420
113421
113422
113423
113424
113425
113426
113427
113428
113429
113430
113431
113432
113433
113434
113435
113436
113437
113438
113439
113440
113441
113442
113443
113444
113445
113446
113447
113448
113449
113450
113451
113452
113453
113454
113455
113456
113457
113458
113459
113460
113461
113462
113463
113464
113465
113466
113467
113468
113469
113470
113471
113472
113473
113474
113475
113476
113477
113478
113479
113480
113481
113482
113483
113484
113485
113486
113487
113488
113489
113490
113491
113492
113493
113494
113495
113496
113497
113498
113499
113500
113501
113502
113503
113504
113505
113506
113507
113508
113509
113510
113511
113512
113513
113514
113515
113516
113517
113518
113519
113520
113521
113522
113523
113524
113525
113526
113527
113528
113529
113530
113531
113532
113533
113534
113535
113536
113537
113538
113539
113540
113541
113542
113543
113544
113545
113546
113547
113548
113549
113550
113551
113552
113553
113554
113555
113556
113557
113558
113559
113560
113561
113562
113563
113564
113565
113566
113567
113568
113569
113570
113571
113572
113573
113574
113575
113576
113577
113578
113579
113580
113581
113582
113583
113584
113585
113586
113587
113588
113589
113590
113591
113592
113593
113594
113595
113596
113597
113598
113599
113600
113601
113602
113603
113604
113605
113606
113607
113608
113609
113610
113611
113612
113613
113614
113615
113616
113617
113618
113619
113620
113621
113622
113623
113624
113625
113626
113627
113628
113629
113630
113631
113632
113633
113634
113635
113636
113637
113638
113639
113640
113641
113642
113643
113644
113645
113646
113647
113648
113649
113650
113651
113652
113653
113654
113655
113656
113657
113658
113659
113660
113661
113662
113663
113664
113665
113666
113667
113668
113669
113670
113671
113672
113673
113674
113675
113676
113677
113678
113679
113680
113681
113682
113683
113684
113685
113686
113687
113688
113689
113690
113691
113692
113693
113694
113695
113696
113697
113698
113699
113700
113701
113702
113703
113704
113705
113706
113707
113708
113709
113710
113711
113712
113713
113714
113715
113716
113717
113718
113719
113720
113721
113722
113723
113724
113725
113726
113727
113728
113729
113730
113731
113732
113733
113734
113735
113736
113737
113738
113739
113740
113741
113742
113743
113744
113745
113746
113747
113748
113749
113750
113751
113752
113753
113754
113755
113756
113757
113758
113759
113760
113761
113762
113763
113764
113765
113766
113767
113768
113769
113770
113771
113772
113773
113774
113775
113776
113777
113778
113779
113780
113781
113782
113783
113784
113785
113786
113787
113788
113789
113790
113791
113792
113793
113794
113795
113796
113797
113798
113799
113800
113801
113802
113803
113804
113805
113806
113807
113808
113809
113810
113811
113812
113813
113814
113815
113816
113817
113818
113819
113820
113821
113822
113823
113824
113825
113826
113827
113828
113829
113830
113831
113832
113833
113834
113835
113836
113837
113838
113839
113840
113841
113842
113843
113844
113845
113846
113847
113848
113849
113850
113851
113852
113853
113854
113855
113856
113857
113858
113859
113860
113861
113862
113863
113864
113865
113866
113867
113868
113869
113870
113871
113872
113873
113874
113875
113876
113877
113878
113879
113880
113881
113882
113883
113884
113885
113886
113887
113888
113889
113890
113891
113892
113893
113894
113895
113896
113897
113898
113899
113900
113901
113902
113903
113904
113905
113906
113907
113908
113909
113910
113911
113912
113913
113914
113915
113916
113917
113918
113919
113920
113921
113922
113923
113924
113925
113926
113927
113928
113929
113930
113931
113932
113933
113934
113935
113936
113937
113938
113939
113940
113941
113942
113943
113944
113945
113946
113947
113948
113949
113950
113951
113952
113953
113954
113955
113956
113957
113958
113959
113960
113961
113962
113963
113964
113965
113966
113967
113968
113969
113970
113971
113972
113973
113974
113975
113976
113977
113978
113979
113980
113981
113982
113983
113984
113985
113986
113987
113988
113989
113990
113991
113992
113993
113994
113995
113996
113997
113998
113999
114000
114001
114002
114003
114004
114005
114006
114007
114008
114009
114010
114011
114012
114013
114014
114015
114016
114017
114018
114019
114020
114021
114022
114023
114024
114025
114026
114027
114028
114029
114030
114031
114032
114033
114034
114035
114036
114037
114038
114039
114040
114041
114042
114043
114044
114045
114046
114047
114048
114049
114050
114051
114052
114053
114054
114055
114056
114057
114058
114059
114060
114061
114062
114063
114064
114065
114066
114067
114068
114069
114070
114071
114072
114073
114074
114075
114076
114077
114078
114079
114080
114081
114082
114083
114084
114085
114086
114087
114088
114089
114090
114091
114092
114093
114094
114095
114096
114097
114098
114099
114100
114101
114102
114103
114104
114105
114106
114107
114108
114109
114110
114111
114112
114113
114114
114115
114116
114117
114118
114119
114120
114121
114122
114123
114124
114125
114126
114127
114128
114129
114130
114131
114132
114133
114134
114135
114136
114137
114138
114139
114140
114141
114142
114143
114144
114145
114146
114147
114148
114149
114150
114151
114152
114153
114154
114155
114156
114157
114158
114159
114160
114161
114162
114163
114164
114165
114166
114167
114168
114169
114170
114171
114172
114173
114174
114175
114176
114177
114178
114179
114180
114181
114182
114183
114184
114185
114186
114187
114188
114189
114190
114191
114192
114193
114194
114195
114196
114197
114198
114199
114200
114201
114202
114203
114204
114205
114206
114207
114208
114209
114210
114211
114212
114213
114214
114215
114216
114217
114218
114219
114220
114221
114222
114223
114224
114225
114226
114227
114228
114229
114230
114231
114232
114233
114234
114235
114236
114237
114238
114239
114240
114241
114242
114243
114244
114245
114246
114247
114248
114249
114250
114251
114252
114253
114254
114255
114256
114257
114258
114259
114260
114261
114262
114263
114264
114265
114266
114267
114268
114269
114270
114271
114272
114273
114274
114275
114276
114277
114278
114279
114280
114281
114282
114283
114284
114285
114286
114287
114288
114289
114290
114291
114292
114293
114294
114295
114296
114297
114298
114299
114300
114301
114302
114303
114304
114305
114306
114307
114308
114309
114310
114311
114312
114313
114314
114315
114316
114317
114318
114319
114320
114321
114322
114323
114324
114325
114326
114327
114328
114329
114330
114331
114332
114333
114334
114335
114336
114337
114338
114339
114340
114341
114342
114343
114344
114345
114346
114347
114348
114349
114350
114351
114352
114353
114354
114355
114356
114357
114358
114359
114360
114361
114362
114363
114364
114365
114366
114367
114368
114369
114370
114371
114372
114373
114374
114375
114376
114377
114378
114379
114380
114381
114382
114383
114384
114385
114386
114387
114388
114389
114390
114391
114392
114393
114394
114395
114396
114397
114398
114399
114400
114401
114402
114403
114404
114405
114406
114407
114408
114409
114410
114411
114412
114413
114414
114415
114416
114417
114418
114419
114420
114421
114422
114423
114424
114425
114426
114427
114428
114429
114430
114431
114432
114433
114434
114435
114436
114437
114438
114439
114440
114441
114442
114443
114444
114445
114446
114447
114448
114449
114450
114451
114452
114453
114454
114455
114456
114457
114458
114459
114460
114461
114462
114463
114464
114465
114466
114467
114468
114469
114470
114471
114472
114473
114474
114475
114476
114477
114478
114479
114480
114481
114482
114483
114484
114485
114486
114487
114488
114489
114490
114491
114492
114493
114494
114495
114496
114497
114498
114499
114500
114501
114502
114503
114504
114505
114506
114507
114508
114509
114510
114511
114512
114513
114514
114515
114516
114517
114518
114519
114520
114521
114522
114523
114524
114525
114526
114527
114528
114529
114530
114531
114532
114533
114534
114535
114536
114537
114538
114539
114540
114541
114542
114543
114544
114545
114546
114547
114548
114549
114550
114551
114552
114553
114554
114555
114556
114557
114558
114559
114560
114561
114562
114563
114564
114565
114566
114567
114568
114569
114570
114571
114572
114573
114574
114575
114576
114577
114578
114579
114580
114581
114582
114583
114584
114585
114586
114587
114588
114589
114590
114591
114592
114593
114594
114595
114596
114597
114598
114599
114600
114601
114602
114603
114604
114605
114606
114607
114608
114609
114610
114611
114612
114613
114614
114615
114616
114617
114618
114619
114620
114621
114622
114623
114624
114625
114626
114627
114628
114629
114630
114631
114632
114633
114634
114635
114636
114637
114638
114639
114640
114641
114642
114643
114644
114645
114646
114647
114648
114649
114650
114651
114652
114653
114654
114655
114656
114657
114658
114659
114660
114661
114662
114663
114664
114665
114666
114667
114668
114669
114670
114671
114672
114673
114674
114675
114676
114677
114678
114679
114680
114681
114682
114683
114684
114685
114686
114687
114688
114689
114690
114691
114692
114693
114694
114695
114696
114697
114698
114699
114700
114701
114702
114703
114704
114705
114706
114707
114708
114709
114710
114711
114712
114713
114714
114715
114716
114717
114718
114719
114720
114721
114722
114723
114724
114725
114726
114727
114728
114729
114730
114731
114732
114733
114734
114735
114736
114737
114738
114739
114740
114741
114742
114743
114744
114745
114746
114747
114748
114749
114750
114751
114752
114753
114754
114755
114756
114757
114758
114759
114760
114761
114762
114763
114764
114765
114766
114767
114768
114769
114770
114771
114772
114773
114774
114775
114776
114777
114778
114779
114780
114781
114782
114783
114784
114785
114786
114787
114788
114789
114790
114791
114792
114793
114794
114795
114796
114797
114798
114799
114800
114801
114802
114803
114804
114805
114806
114807
114808
114809
114810
114811
114812
114813
114814
114815
114816
114817
114818
114819
114820
114821
114822
114823
114824
114825
114826
114827
114828
114829
114830
114831
114832
114833
114834
114835
114836
114837
114838
114839
114840
114841
114842
114843
114844
114845
114846
114847
114848
114849
114850
114851
114852
114853
114854
114855
114856
114857
114858
114859
114860
114861
114862
114863
114864
114865
114866
114867
114868
114869
114870
114871
114872
114873
114874
114875
114876
114877
114878
114879
114880
114881
114882
114883
114884
114885
114886
114887
114888
114889
114890
114891
114892
114893
114894
114895
114896
114897
114898
114899
114900
114901
114902
114903
114904
114905
114906
114907
114908
114909
114910
114911
114912
114913
114914
114915
114916
114917
114918
114919
114920
114921
114922
114923
114924
114925
114926
114927
114928
114929
114930
114931
114932
114933
114934
114935
114936
114937
114938
114939
114940
114941
114942
114943
114944
114945
114946
114947
114948
114949
114950
114951
114952
114953
114954
114955
114956
114957
114958
114959
114960
114961
114962
114963
114964
114965
114966
114967
114968
114969
114970
114971
114972
114973
114974
114975
114976
114977
114978
114979
114980
114981
114982
114983
114984
114985
114986
114987
114988
114989
114990
114991
114992
114993
114994
114995
114996
114997
114998
114999
115000
115001
115002
115003
115004
115005
115006
115007
115008
115009
115010
115011
115012
115013
115014
115015
115016
115017
115018
115019
115020
115021
115022
115023
115024
115025
115026
115027
115028
115029
115030
115031
115032
115033
115034
115035
115036
115037
115038
115039
115040
115041
115042
115043
115044
115045
115046
115047
115048
115049
115050
115051
115052
115053
115054
115055
115056
115057
115058
115059
115060
115061
115062
115063
115064
115065
115066
115067
115068
115069
115070
115071
115072
115073
115074
115075
115076
115077
115078
115079
115080
115081
115082
115083
115084
115085
115086
115087
115088
115089
115090
115091
115092
115093
115094
115095
115096
115097
115098
115099
115100
115101
115102
115103
115104
115105
115106
115107
115108
115109
115110
115111
115112
115113
115114
115115
115116
115117
115118
115119
115120
115121
115122
115123
115124
115125
115126
115127
115128
115129
115130
115131
115132
115133
115134
115135
115136
115137
115138
115139
115140
115141
115142
115143
115144
115145
115146
115147
115148
115149
115150
115151
115152
115153
115154
115155
115156
115157
115158
115159
115160
115161
115162
115163
115164
115165
115166
115167
115168
115169
115170
115171
115172
115173
115174
115175
115176
115177
115178
115179
115180
115181
115182
115183
115184
115185
115186
115187
115188
115189
115190
115191
115192
115193
115194
115195
115196
115197
115198
115199
115200
115201
115202
115203
115204
115205
115206
115207
115208
115209
115210
115211
115212
115213
115214
115215
115216
115217
115218
115219
115220
115221
115222
115223
115224
115225
115226
115227
115228
115229
115230
115231
115232
115233
115234
115235
115236
115237
115238
115239
115240
115241
115242
115243
115244
115245
115246
115247
115248
115249
115250
115251
115252
115253
115254
115255
115256
115257
115258
115259
115260
115261
115262
115263
115264
115265
115266
115267
115268
115269
115270
115271
115272
115273
115274
115275
115276
115277
115278
115279
115280
115281
115282
115283
115284
115285
115286
115287
115288
115289
115290
115291
115292
115293
115294
115295
115296
115297
115298
115299
115300
115301
115302
115303
115304
115305
115306
115307
115308
115309
115310
115311
115312
115313
115314
115315
115316
115317
115318
115319
115320
115321
115322
115323
115324
115325
115326
115327
115328
115329
115330
115331
115332
115333
115334
115335
115336
115337
115338
115339
115340
115341
115342
115343
115344
115345
115346
115347
115348
115349
115350
115351
115352
115353
115354
115355
115356
115357
115358
115359
115360
115361
115362
115363
115364
115365
115366
115367
115368
115369
115370
115371
115372
115373
115374
115375
115376
115377
115378
115379
115380
115381
115382
115383
115384
115385
115386
115387
115388
115389
115390
115391
115392
115393
115394
115395
115396
115397
115398
115399
115400
115401
115402
115403
115404
115405
115406
115407
115408
115409
115410
115411
115412
115413
115414
115415
115416
115417
115418
115419
115420
115421
115422
115423
115424
115425
115426
115427
115428
115429
115430
115431
115432
115433
115434
115435
115436
115437
115438
115439
115440
115441
115442
115443
115444
115445
115446
115447
115448
115449
115450
115451
115452
115453
115454
115455
115456
115457
115458
115459
115460
115461
115462
115463
115464
115465
115466
115467
115468
115469
115470
115471
115472
115473
115474
115475
115476
115477
115478
115479
115480
115481
115482
115483
115484
115485
115486
115487
115488
115489
115490
115491
115492
115493
115494
115495
115496
115497
115498
115499
115500
115501
115502
115503
115504
115505
115506
115507
115508
115509
115510
115511
115512
115513
115514
115515
115516
115517
115518
115519
115520
115521
115522
115523
115524
115525
115526
115527
115528
115529
115530
115531
115532
115533
115534
115535
115536
115537
115538
115539
115540
115541
115542
115543
115544
115545
115546
115547
115548
115549
115550
115551
115552
115553
115554
115555
115556
115557
115558
115559
115560
115561
115562
115563
115564
115565
115566
115567
115568
115569
115570
115571
115572
115573
115574
115575
115576
115577
115578
115579
115580
115581
115582
115583
115584
115585
115586
115587
115588
115589
115590
115591
115592
115593
115594
115595
115596
115597
115598
115599
115600
115601
115602
115603
115604
115605
115606
115607
115608
115609
115610
115611
115612
115613
115614
115615
115616
115617
115618
115619
115620
115621
115622
115623
115624
115625
115626
115627
115628
115629
115630
115631
115632
115633
115634
115635
115636
115637
115638
115639
115640
115641
115642
115643
115644
115645
115646
115647
115648
115649
115650
115651
115652
115653
115654
115655
115656
115657
115658
115659
115660
115661
115662
115663
115664
115665
115666
115667
115668
115669
115670
115671
115672
115673
115674
115675
115676
115677
115678
115679
115680
115681
115682
115683
115684
115685
115686
115687
115688
115689
115690
115691
115692
115693
115694
115695
115696
115697
115698
115699
115700
115701
115702
115703
115704
115705
115706
115707
115708
115709
115710
115711
115712
115713
115714
115715
115716
115717
115718
115719
115720
115721
115722
115723
115724
115725
115726
115727
115728
115729
115730
115731
115732
115733
115734
115735
115736
115737
115738
115739
115740
115741
115742
115743
115744
115745
115746
115747
115748
115749
115750
115751
115752
115753
115754
115755
115756
115757
115758
115759
115760
115761
115762
115763
115764
115765
115766
115767
115768
115769
115770
115771
115772
115773
115774
115775
115776
115777
115778
115779
115780
115781
115782
115783
115784
115785
115786
115787
115788
115789
115790
115791
115792
115793
115794
115795
115796
115797
115798
115799
115800
115801
115802
115803
115804
115805
115806
115807
115808
115809
115810
115811
115812
115813
115814
115815
115816
115817
115818
115819
115820
115821
115822
115823
115824
115825
115826
115827
115828
115829
115830
115831
115832
115833
115834
115835
115836
115837
115838
115839
115840
115841
115842
115843
115844
115845
115846
115847
115848
115849
115850
115851
115852
115853
115854
115855
115856
115857
115858
115859
115860
115861
115862
115863
115864
115865
115866
115867
115868
115869
115870
115871
115872
115873
115874
115875
115876
115877
115878
115879
115880
115881
115882
115883
115884
115885
115886
115887
115888
115889
115890
115891
115892
115893
115894
115895
115896
115897
115898
115899
115900
115901
115902
115903
115904
115905
115906
115907
115908
115909
115910
115911
115912
115913
115914
115915
115916
115917
115918
115919
115920
115921
115922
115923
115924
115925
115926
115927
115928
115929
115930
115931
115932
115933
115934
115935
115936
115937
115938
115939
115940
115941
115942
115943
115944
115945
115946
115947
115948
115949
115950
115951
115952
115953
115954
115955
115956
115957
115958
115959
115960
115961
115962
115963
115964
115965
115966
115967
115968
115969
115970
115971
115972
115973
115974
115975
115976
115977
115978
115979
115980
115981
115982
115983
115984
115985
115986
115987
115988
115989
115990
115991
115992
115993
115994
115995
115996
115997
115998
115999
116000
116001
116002
116003
116004
116005
116006
116007
116008
116009
116010
116011
116012
116013
116014
116015
116016
116017
116018
116019
116020
116021
116022
116023
116024
116025
116026
116027
116028
116029
116030
116031
116032
116033
116034
116035
116036
116037
116038
116039
116040
116041
116042
116043
116044
116045
116046
116047
116048
116049
116050
116051
116052
116053
116054
116055
116056
116057
116058
116059
116060
116061
116062
116063
116064
116065
116066
116067
116068
116069
116070
116071
116072
116073
116074
116075
116076
116077
116078
116079
116080
116081
116082
116083
116084
116085
116086
116087
116088
116089
116090
116091
116092
116093
116094
116095
116096
116097
116098
116099
116100
116101
116102
116103
116104
116105
116106
116107
116108
116109
116110
116111
116112
116113
116114
116115
116116
116117
116118
116119
116120
116121
116122
116123
116124
116125
116126
116127
116128
116129
116130
116131
116132
116133
116134
116135
116136
116137
116138
116139
116140
116141
116142
116143
116144
116145
116146
116147
116148
116149
116150
116151
116152
116153
116154
116155
116156
116157
116158
116159
116160
116161
116162
116163
116164
116165
116166
116167
116168
116169
116170
116171
116172
116173
116174
116175
116176
116177
116178
116179
116180
116181
116182
116183
116184
116185
116186
116187
116188
116189
116190
116191
116192
116193
116194
116195
116196
116197
116198
116199
116200
116201
116202
116203
116204
116205
116206
116207
116208
116209
116210
116211
116212
116213
116214
116215
116216
116217
116218
116219
116220
116221
116222
116223
116224
116225
116226
116227
116228
116229
116230
116231
116232
116233
116234
116235
116236
116237
116238
116239
116240
116241
116242
116243
116244
116245
116246
116247
116248
116249
116250
116251
116252
116253
116254
116255
116256
116257
116258
116259
116260
116261
116262
116263
116264
116265
116266
116267
116268
116269
116270
116271
116272
116273
116274
116275
116276
116277
116278
116279
116280
116281
116282
116283
116284
116285
116286
116287
116288
116289
116290
116291
116292
116293
116294
116295
116296
116297
116298
116299
116300
116301
116302
116303
116304
116305
116306
116307
116308
116309
116310
116311
116312
116313
116314
116315
116316
116317
116318
116319
116320
116321
116322
116323
116324
116325
116326
116327
116328
116329
116330
116331
116332
116333
116334
116335
116336
116337
116338
116339
116340
116341
116342
116343
116344
116345
116346
116347
116348
116349
116350
116351
116352
116353
116354
116355
116356
116357
116358
116359
116360
116361
116362
116363
116364
116365
116366
116367
116368
116369
116370
116371
116372
116373
116374
116375
116376
116377
116378
116379
116380
116381
116382
116383
116384
116385
116386
116387
116388
116389
116390
116391
116392
116393
116394
116395
116396
116397
116398
116399
116400
116401
116402
116403
116404
116405
116406
116407
116408
116409
116410
116411
116412
116413
116414
116415
116416
116417
116418
116419
116420
116421
116422
116423
116424
116425
116426
116427
116428
116429
116430
116431
116432
116433
116434
116435
116436
116437
116438
116439
116440
116441
116442
116443
116444
116445
116446
116447
116448
116449
116450
116451
116452
116453
116454
116455
116456
116457
116458
116459
116460
116461
116462
116463
116464
116465
116466
116467
116468
116469
116470
116471
116472
116473
116474
116475
116476
116477
116478
116479
116480
116481
116482
116483
116484
116485
116486
116487
116488
116489
116490
116491
116492
116493
116494
116495
116496
116497
116498
116499
116500
116501
116502
116503
116504
116505
116506
116507
116508
116509
116510
116511
116512
116513
116514
116515
116516
116517
116518
116519
116520
116521
116522
116523
116524
116525
116526
116527
116528
116529
116530
116531
116532
116533
116534
116535
116536
116537
116538
116539
116540
116541
116542
116543
116544
116545
116546
116547
116548
116549
116550
116551
116552
116553
116554
116555
116556
116557
116558
116559
116560
116561
116562
116563
116564
116565
116566
116567
116568
116569
116570
116571
116572
116573
116574
116575
116576
116577
116578
116579
116580
116581
116582
116583
116584
116585
116586
116587
116588
116589
116590
116591
116592
116593
116594
116595
116596
116597
116598
116599
116600
116601
116602
116603
116604
116605
116606
116607
116608
116609
116610
116611
116612
116613
116614
116615
116616
116617
116618
116619
116620
116621
116622
116623
116624
116625
116626
116627
116628
116629
116630
116631
116632
116633
116634
116635
116636
116637
116638
116639
116640
116641
116642
116643
116644
116645
116646
116647
116648
116649
116650
116651
116652
116653
116654
116655
116656
116657
116658
116659
116660
116661
116662
116663
116664
116665
116666
411976
411977
411978
411979
411980
411981
411982
411983
411984
411985
411986
411987
411988
411989
411990
411991
411992
411993
411994
411995
411996
411997
411998
411999
412000
412001
412002
412003
412004
412005
412006
412007
412008
412009
412010
412011
412012
412013
412014
412015
412016
412017
412018
412019
412020
412021
412022
412023
412024
412025
412026
412027
412028
412029
412030
412031
412032
412033
412034
412035
412036
412037
412038
412039
412040
412041
412042
412043
412044
412045
412046
412047
412048
412049
412050
412051
412052
412053
412054
412055
412056
412057
412058
412059
412060
412061
412062
412063
412064
412065
412066
412067
412068
412069
412070
412071
412072
412073
412074
412075
412076
412077
412078
412079
412080
412081
412082
412083
412084
412085
412086
412087
412088
412089
412090
412091
412092
412093
412094
412095
412096
412097
412098
412099
412100
412101
412102
412103
412104
412105
412106
412107
412108
412109
412110
412111
412112
412113
412114
412115
412116
412117
412118
412119
412120
412121
412122
412123
412124
412125
412126
412127
412128
412129
412130
412131
412132
412133
412134
412135
412136
412137
412138
412139
412140
412141
412142
412143
412144
412145
412146
412147
412148
412149
412150
412151
412152
412153
412154
412155
412156
412157
412158
412159
412160
412161
412162
412163
412164
412165
412166
412167
412168
412169
412170
412171
412172
412173
412174
412175
412176
412177
412178
412179
412180
412181
412182
412183
412184
412185
412186
412187
412188
412189
412190
412191
412192
412193
412194
412195
412196
412197
412198
412199
412200
412201
412202
412203
412204
412205
412206
412207
412208
412209
412210
412211
412212
412213
412214
412215
412216
412217
412218
412219
412220
412221
412222
412223
412224
412225
412226
412227
412228
412229
412230
412231
412232
412233
412234
412235
412236
412237
412238
412239
412240
412241
412242
412243
412244
412245
412246
412247
412248
412249
412250
412251
412252
412253
412254
412255
412256
412257
412258
412259
412260
412261
412262
412263
412264
412265
412266
412267
412268
412269
412270
412271
412272
412273
412274
412275
412276
412277
412278
412279
412280
412281
412282
412283
412284
412285
412286
412287
412288
412289
412290
412291
412292
412293
412294
412295
412296
412297
412298
412299
412300
412301
412302
412303
412304
412305
412306
412307
412308
412309
412310
412311
412312
412313
412314
412315
412316
412317
412318
412319
412320
412321
412322
412323
412324
412325
412326
412327
412328
412329
412330
412331
412332
412333
412334
412335
412336
412337
412338
412339
412340
412341
412342
412343
412344
412345
412346
412347
412348
412349
412350
412351
412352
412353
412354
412355
412356
412357
412358
412359
412360
412361
412362
412363
412364
412365
412366
412367
412368
412369
412370
412371
412372
412373
412374
412375
412376
412377
412378
412379
412380
412381
412382
412383
412384
412385
412386
412387
412388
412389
412390
412391
412392
412393
412394
412395
412396
412397
412398
412399
412400
412401
412402
412403
412404
412405
412406
412407
412408
412409
412410
412411
412412
412413
412414
412415
412416
412417
412418
412419
412420
412421
412422
412423
412424
412425
412426
412427
412428
412429
412430
412431
412432
412433
412434
412435
412436
412437
412438
412439
412440
412441
412442
412443
412444
412445
412446
412447
412448
412449
412450
412451
412452
412453
412454
412455
412456
412457
412458
412459
412460
412461
412462
412463
412464
412465
412466
412467
412468
412469
412470
412471
412472
412473
412474
412475
412476
412477
412478
412479
412480
412481
412482
412483
412484
412485
412486
412487
412488
412489
412490
412491
412492
412493
412494
412495
412496
412497
412498
412499
412500
412501
412502
412503
412504
412505
412506
412507
412508
412509
412510
412511
412512
412513
412514
412515
412516
412517
412518
412519
412520
412521
412522
412523
412524
412525
412526
412527
412528
412529
412530
412531
412532
412533
412534
412535
412536
412537
412538
412539
412540
412541
412542
412543
412544
412545
412546
412547
412548
412549
412550
412551
412552
412553
412554
412555
412556
412557
412558
412559
412560
412561
412562
412563
412564
412565
412566
412567
412568
412569
412570
412571
412572
412573
412574
412575
412576
412577
412578
412579
412580
412581
412582
412583
412584
412585
412586
412587
412588
412589
412590
412591
412592
412593
412594
412595
412596
412597
412598
412599
412600
412601
412602
412603
412604
412605
412606
412607
412608
412609
412610
412611
412612
412613
412614
412615
412616
412617
412618
412619
412620
412621
412622
412623
412624
412625
412626
412627
412628
412629
412630
412631
412632
412633
412634
412635
412636
412637
412638
412639
412640
412641
412642
412643
412644
412645
412646
412647
412648
412649
412650
412651
412652
412653
412654
412655
412656
412657
412658
412659
412660
412661
412662
412663
412664
412665
412666
412667
412668
412669
412670
412671
412672
412673
412674
412675
412676
412677
412678
412679
412680
412681
412682
412683
412684
412685
412686
412687
412688
412689
412690
412691
412692
412693
412694
412695
412696
412697
412698
412699
412700
412701
412702
412703
412704
412705
412706
412707
412708
412709
412710
412711
412712
412713
412714
412715
412716
412717
412718
412719
412720
412721
412722
412723
412724
412725
412726
412727
412728
412729
412730
412731
412732
412733
412734
412735
412736
412737
412738
412739
412740
412741
412742
412743
412744
412745
412746
412747
412748
412749
412750
412751
412752
412753
412754
412755
412756
412757
412758
412759
412760
412761
412762
412763
412764
412765
412766
412767
412768
412769
412770
412771
412772
412773
412774
412775
412776
412777
412778
412779
412780
412781
412782
412783
412784
412785
412786
412787
412788
412789
412790
412791
412792
412793
412794
412795
412796
412797
412798
412799
412800
412801
412802
412803
412804
412805
412806
412807
412808
412809
412810
412811
412812
412813
412814
412815
412816
412817
412818
412819
412820
412821
412822
412823
412824
412825
412826
412827
412828
412829
412830
412831
412832
412833
412834
412835
412836
412837
412838
412839
412840
412841
412842
412843
412844
412845
412846
412847
412848
412849
412850
412851
412852
412853
412854
412855
412856
412857
412858
412859
412860
412861
412862
412863
412864
412865
412866
412867
412868
412869
412870
412871
412872
412873
412874
412875
412876
412877
412878
412879
412880
412881
412882
412883
412884
412885
412886
412887
412888
412889
412890
412891
412892
412893
412894
412895
412896
412897
412898
412899
412900
412901
412902
412903
412904
412905
412906
412907
412908
412909
412910
412911
412912
412913
412914
412915
412916
412917
412918
412919
412920
412921
412922
412923
412924
412925
412926
412927
412928
412929
412930
412931
412932
412933
412934
412935
412936
412937
412938
412939
412940
412941
412942
412943
412944
412945
412946
412947
412948
412949
412950
412951
412952
412953
412954
412955
412956
412957
412958
412959
412960
412961
412962
412963
412964
412965
412966
412967
412968
412969
412970
412971
412972
412973
412974
)


// ************************************************************************* //
