/*--------------------------------*- C++ -*----------------------------------*\
| =========                 |                                                 |
| \\      /  F ield         | foam-extend: Open Source CFD                    |
|  \\    /   O peration     | Version:     4.1                                |
|   \\  /    A nd           | Web:         http://www.foam-extend.org         |
|    \\/     M anipulation  |                                                 |
\*---------------------------------------------------------------------------*/
FoamFile
{
    version     2.0;
    format      ascii;
    class       labelList;
    location    "constant/polyMesh";
    object      pointRegionAddressing;
}
// * * * * * * * * * * * * * * * * * * * * * * * * * * * * * * * * * * * * * //


6875
(
0
1
2
3
4
5
6
7
8
9
10
11
12
13
14
15
16
17
18
19
20
21
22
23
24
25
26
27
28
29
30
31
32
33
34
35
36
37
38
39
40
41
42
43
44
45
46
47
48
49
50
51
52
53
54
55
56
57
58
59
60
61
62
63
64
65
66
67
68
69
70
71
72
73
74
75
76
77
78
79
80
81
82
83
84
85
86
87
88
89
90
91
92
93
94
95
96
97
98
99
100
101
102
103
104
105
106
107
108
109
110
111
112
113
114
115
116
117
118
119
120
121
122
123
124
125
126
127
128
129
130
131
132
133
134
135
136
137
138
139
140
141
142
143
144
145
146
147
148
149
150
151
152
153
154
155
156
157
158
159
160
161
162
163
164
165
166
167
168
169
170
171
172
173
174
175
176
177
178
179
180
181
182
183
184
185
186
187
188
189
190
191
192
193
194
195
196
197
198
199
200
201
202
203
204
205
206
207
208
209
210
211
212
213
214
215
216
217
218
219
220
221
222
223
224
225
226
227
228
229
230
231
232
233
234
235
236
237
238
239
240
241
242
243
244
245
246
247
248
249
250
251
252
253
254
255
256
257
258
259
260
261
262
263
264
265
266
267
268
269
270
271
272
273
274
275
276
277
278
279
280
281
282
283
284
285
286
287
288
289
290
291
292
293
294
295
296
297
298
299
300
301
302
303
304
305
306
307
308
309
310
311
312
313
314
315
316
317
318
319
320
321
322
323
324
325
326
327
328
329
330
331
332
333
334
335
336
337
338
339
340
341
342
343
344
345
346
347
348
349
350
351
352
353
354
355
356
357
358
359
360
361
362
363
364
365
366
367
368
369
370
371
372
373
374
375
376
377
378
379
380
381
382
383
384
385
386
387
388
389
390
391
392
393
394
395
396
397
398
399
400
401
402
403
404
405
406
407
408
409
410
411
412
413
414
415
416
417
418
419
420
421
422
423
424
425
426
427
428
429
430
431
432
433
434
435
436
437
438
439
440
441
442
443
444
445
446
447
448
449
450
451
452
453
454
455
456
457
458
459
460
461
462
463
464
465
466
467
468
469
470
471
472
473
474
475
476
477
478
479
480
481
482
483
484
485
486
487
488
489
490
491
492
493
494
495
496
497
498
499
500
501
502
503
504
505
506
507
508
509
510
511
512
513
514
515
516
517
518
519
520
521
522
523
524
525
526
527
528
529
530
531
532
533
534
535
536
537
538
539
540
541
542
543
544
545
546
547
548
549
550
551
552
553
554
555
556
557
558
559
560
561
562
563
564
565
566
567
568
569
570
571
572
573
574
575
576
577
578
579
580
581
582
583
584
585
586
587
588
589
590
591
592
593
594
595
596
597
598
599
600
601
602
603
604
605
606
607
608
609
610
611
612
613
614
615
616
617
618
619
620
621
622
623
624
625
626
627
628
629
630
631
632
633
634
635
636
637
638
639
640
641
642
643
644
645
646
647
648
649
650
651
652
653
654
655
656
657
658
659
660
661
662
663
664
665
666
667
668
669
670
671
672
673
674
675
676
677
678
679
680
681
682
683
684
685
686
687
688
689
690
691
692
693
694
695
696
697
698
699
700
701
702
703
704
705
706
707
708
709
710
711
712
713
714
715
716
717
718
719
720
721
722
723
724
725
726
727
728
729
730
731
732
733
734
735
736
737
738
739
740
741
742
743
744
745
746
747
748
749
750
751
752
753
754
755
756
757
758
759
760
761
762
763
764
765
766
767
768
769
770
771
772
773
774
775
776
777
778
779
780
781
782
783
784
785
786
787
788
789
790
791
792
793
794
795
796
797
798
799
800
801
802
803
804
805
806
807
808
809
810
811
812
813
814
815
816
817
818
819
820
821
822
823
824
825
826
827
828
829
830
831
832
833
834
835
836
837
838
839
840
841
842
843
844
845
846
847
848
849
850
851
852
853
854
855
856
857
858
859
860
861
862
863
864
865
866
867
868
869
870
871
872
873
874
875
876
877
878
879
880
881
882
883
884
885
886
887
888
889
890
891
892
893
894
895
896
897
898
899
900
901
902
903
904
905
906
907
908
909
910
911
912
913
914
915
916
917
918
919
920
921
922
923
924
925
926
927
928
929
930
931
932
933
934
935
936
937
938
939
940
941
942
943
944
945
946
947
948
949
950
951
952
953
954
955
956
957
958
959
960
961
962
963
964
965
966
967
968
969
970
971
972
973
974
975
976
977
978
979
980
981
982
983
984
985
986
987
988
989
990
991
992
993
994
995
996
997
998
999
1000
1001
1002
1003
1004
1005
1006
1007
1008
1009
1010
1011
1012
1013
1014
1015
1016
1017
1018
1019
1020
1021
1022
1023
1024
1025
1026
1027
1028
1029
1030
1031
1032
1033
1034
1035
1036
1037
1038
1039
1040
1041
1042
1043
1044
1045
1046
1047
1048
1049
1050
1051
1052
1053
1054
1055
1056
1057
1058
1059
1060
1061
1062
1063
1064
1065
1066
1067
1068
1069
1070
1071
1072
1073
1074
1075
1076
1077
1078
1079
1080
1081
1082
1083
1084
1085
1086
1087
1088
1089
1090
1091
1092
1093
1094
1095
1096
1097
1098
1099
1100
1101
1102
1103
1104
1105
1106
1107
1108
1109
1110
1111
1112
1113
1114
1115
1116
1117
1118
1119
1120
1121
1122
1123
1124
1125
1126
1127
1128
1129
1130
1131
1132
1133
1134
1135
1136
1137
1138
1139
1140
1141
1142
1143
1144
1145
1146
1147
1148
1149
1150
1151
1152
1153
1154
1155
1156
1157
1158
1159
1160
1161
1162
1163
1164
1165
1166
1167
1168
1169
1170
1171
1172
1173
1174
1175
1176
1177
1178
1179
1180
1181
1182
1183
1184
1185
1186
1187
1188
1189
1190
1191
1192
1193
1194
1195
1196
1197
1198
1199
1200
1201
1202
1203
1204
1205
1206
1207
1208
1209
1210
1211
1212
1213
1214
1215
1216
1217
1218
1219
1220
1221
1222
1223
1224
1225
1226
1227
1228
1229
1230
1231
1232
1233
1234
1235
1236
1237
1238
1239
1240
1241
1242
1243
1244
1245
1246
1247
1248
1249
1250
1251
1252
1253
1254
1255
1256
1257
1258
1259
1260
1261
1262
1263
1264
1265
1266
1267
1268
1269
1270
1271
1272
1273
1274
1275
1276
1277
1278
1279
1280
1281
1282
1283
1284
1285
1286
1287
1288
1289
1290
1291
1292
1293
1294
1295
1296
1297
1298
1299
1300
1301
1302
1303
1304
1305
1306
1307
1308
1309
1310
1311
1312
1313
1314
1315
1316
1317
1318
1319
1320
1321
1322
1323
1324
1325
1326
1327
1328
1329
1330
1331
1332
1333
1334
1335
1336
1337
1338
1339
1340
1341
1342
1343
1344
1345
1346
1347
1348
1349
1350
1351
1352
1353
1354
1355
1356
1357
1358
1359
1360
1361
1362
1363
1364
1365
1366
1367
1368
1369
1370
1371
1372
1373
1374
1375
1376
1377
1378
1379
1380
1381
1382
1383
1384
1385
1386
1387
1388
1389
1390
1391
1392
1393
1394
1395
1396
1397
1398
1399
1400
1401
1402
1403
1404
1405
1406
1407
1408
1409
1410
1411
1412
1413
1414
1415
1416
1417
1418
1419
1420
1421
1422
1423
1424
1425
1426
1427
1428
1429
1430
1431
1432
1433
1434
1435
1436
1437
1438
1439
1440
1441
1442
1443
1444
1445
1446
1447
1448
1449
1450
1451
1452
1453
1454
1455
1456
1457
1458
1459
1460
1461
1462
1463
1464
1465
1466
1467
1468
1469
1470
1471
1472
1473
1474
1475
1476
1477
1478
1479
1480
1481
1482
1483
1484
1485
1486
1487
1488
1489
1490
1491
1492
1493
1494
1495
1496
1497
1498
1499
1500
1501
1502
1503
1504
1505
1506
1507
1508
1509
1510
1511
1512
1513
1514
1515
1516
1517
1518
1519
1520
1521
1522
1523
1524
1525
1526
1527
1528
1529
1530
1531
1532
1533
1534
1535
1536
1537
1538
1539
1540
1541
1542
1543
1544
1545
1546
1547
1548
1549
1550
1551
1552
1553
1554
1555
1556
1557
1558
1559
1560
1561
1562
1563
1564
1565
1566
1567
1568
1569
1570
1571
1572
1573
1574
1575
1576
1577
1578
1579
1580
1581
1582
1583
1584
1585
1586
1587
1588
1589
1590
1591
1592
1593
1594
1595
1596
1597
1598
1599
1600
1601
1602
1603
1604
1605
1606
1607
1608
1609
1610
1611
1612
1613
1614
1615
1616
1617
1618
1619
1620
1621
1622
1623
1624
1625
1626
1627
1628
1629
1630
1631
1632
1633
1634
1635
1636
1637
1638
1639
1640
1641
1642
1643
1644
1645
1646
1647
1648
1649
1650
1651
1652
1653
1654
1655
1656
1657
1658
1659
1660
1661
1662
1663
1664
1665
1666
1667
1668
1669
1670
1671
1672
1673
1674
1675
1676
1677
1678
1679
1680
1681
1682
1683
1684
1685
1686
1687
1688
1689
1690
1691
1692
1693
1694
1695
1696
1697
1698
1699
1700
1701
1702
1703
1704
1705
1706
1707
1708
1709
1710
1711
1712
1713
1714
1715
1716
1717
1718
1719
1720
1721
1722
1723
1724
1725
1726
1727
1728
1729
1730
1731
1732
1733
1734
1735
1736
1737
1738
1739
1740
1741
1742
1743
1744
1745
1746
1747
1748
1749
1750
1751
1752
1753
1754
1755
1756
1757
1758
1759
1760
1761
1762
1763
1764
1765
1766
1767
1768
1769
1770
1771
1772
1773
1774
1775
1776
1777
1778
1779
1780
1781
1782
1783
1784
1785
1786
1787
1788
1789
1790
1791
1792
1793
1794
1795
1796
1797
1798
1799
1800
1801
1802
1803
1804
1805
1806
1807
1808
1809
1810
1811
1812
1813
1814
1815
1816
1817
1818
1819
1820
1821
1822
1823
1824
1825
1826
1827
1828
1829
1830
1831
1832
1833
1834
1835
1836
1837
1838
1839
1840
1841
1842
1843
1844
1845
1846
1847
1848
1849
1850
1851
1852
1853
1854
1855
1856
1857
1858
1859
1860
1861
1862
1863
1864
1865
1866
1867
1868
1869
1870
1871
1872
1873
1874
1875
1876
1877
1878
1879
1880
1881
1882
1883
1884
1885
1886
1887
1888
1889
1890
1891
1892
1893
1894
1895
1896
1897
1898
1899
1900
1901
1902
1903
1904
1905
1906
1907
1908
1909
1910
1911
1912
1913
1914
1915
1916
1917
1918
1919
1920
1921
1922
1923
1924
1925
1926
1927
1928
1929
1930
1931
1932
1933
1934
1935
1936
1937
1938
1939
1940
1941
1942
1943
1944
1945
1946
1947
1948
1949
1950
1951
1952
1953
1954
1955
1956
1957
1958
1959
1960
1961
1962
1963
1964
1965
1966
1967
1968
1969
1970
1971
1972
1973
1974
1975
1976
1977
1978
1979
1980
1981
1982
1983
1984
1985
1986
1987
1988
1989
1990
1991
1992
1993
1994
1995
1996
1997
1998
1999
2000
2001
2002
2003
2004
2005
2006
2007
2008
2009
2010
2011
2012
2013
2014
2015
2016
2017
2018
2019
2020
2021
2022
2023
2024
2025
2026
2027
2028
2029
2030
2031
2032
2033
2034
2035
2036
2037
2038
2039
2040
2041
2042
2043
2044
2045
2046
2047
2048
2049
2050
2051
2052
2053
2054
2055
2056
2057
2058
2059
2060
2061
2062
2063
2064
2065
2066
2067
2068
2069
2070
2071
2072
2073
2074
2075
2076
2077
2078
2079
2080
2081
2082
2083
2084
2085
2086
2087
2088
2089
2090
2091
2092
2093
2094
2095
2096
2097
2098
2099
2100
2101
2102
2103
2104
2105
2106
2107
2108
2109
2110
2111
2112
2113
2114
2115
2116
2117
2118
2119
2120
2121
2122
2123
2124
2125
2126
2127
2128
2129
2130
2131
2132
2133
2134
2135
2136
2137
2138
2139
2140
2141
2142
2143
2144
2145
2146
2147
2148
2149
2150
2151
2152
2153
2154
2155
2156
2157
2158
2159
2160
2161
2162
2163
2164
2165
2166
2167
2168
2169
2170
2171
2172
2173
2174
2175
2176
2177
2178
2179
2180
2181
2182
2183
2184
2185
2186
2187
2188
2189
2190
2191
2192
2193
2194
2195
2196
2197
2198
2199
2200
2201
2202
2203
2204
2205
2206
2207
2208
2209
2210
2211
2212
2213
2214
2215
2216
2217
2218
2219
2220
2221
2222
2223
2224
2225
2226
2227
2228
2229
2230
2231
2232
2233
2234
2235
2236
2237
2238
2239
2240
2241
2242
2243
2244
2245
2246
2247
2248
2249
2250
2251
2252
2253
2254
2255
2256
2257
2258
2259
2260
2261
2262
2263
2264
2265
2266
2267
2268
2269
2270
2271
2272
2273
2274
2275
2276
2277
2278
2279
2280
2281
2282
2283
2284
2285
2286
2287
2288
2289
2290
2291
2292
2293
2294
2295
2296
2297
2298
2299
2300
2301
2302
2303
2304
2305
2306
2307
2308
2309
2310
2311
2312
2313
2314
2315
2316
2317
2318
2319
2320
2321
2322
2323
2324
2325
2326
2327
2328
2329
2330
2331
2332
2333
2334
2335
2336
2337
2338
2339
2340
2341
2342
2343
2344
2345
2346
2347
2348
2349
2350
2351
2352
2353
2354
2355
2356
2357
2358
2359
2360
2361
2362
2363
2364
2365
2366
2367
2368
2369
2370
2371
2372
2373
2374
2375
2376
2377
2378
2379
2380
2381
2382
2383
2384
2385
2386
2387
2388
2389
2390
2391
2392
2393
2394
2395
2396
2397
2398
2399
2400
2401
2402
2403
2404
2405
2406
2407
2408
2409
2410
2411
2412
2413
2414
2415
2416
2417
2418
2419
2420
2421
2422
2423
2424
2425
2426
2427
2428
2429
2430
2431
2432
2433
2434
2435
2436
2437
2438
2439
2440
2441
2442
2443
2444
2445
2446
2447
2448
2449
2450
2451
2452
2453
2454
2455
2456
2457
2458
2459
2460
2461
2462
2463
2464
2465
2466
2467
2468
2469
2470
2471
2472
2473
2474
2475
2476
2477
2478
2479
2480
2481
2482
2483
2484
2485
2486
2487
2488
2489
2490
2491
2492
2493
2494
2495
2496
2497
2498
2499
2500
2501
2502
2503
2504
2505
2506
2507
2508
2509
2510
2511
2512
2513
2514
2515
2516
2517
2518
2519
2520
2521
2522
2523
2524
2525
2526
2527
2528
2529
2530
2531
2532
2533
2534
2535
2536
2537
2538
2539
2540
2541
2542
2543
2544
2545
2546
2547
2548
2549
2550
2551
2552
2553
2554
2555
2556
2557
2558
2559
2560
2561
2562
2563
2564
2565
2566
2567
2568
2569
2570
2571
2572
2573
2574
2575
2576
2577
2578
2579
2580
2581
2582
2583
2584
2585
2586
2587
2588
2589
2590
2591
2592
2593
2594
2595
2596
2597
2598
2599
2600
2601
2602
2603
2604
2605
2606
2607
2608
2609
2610
2611
2612
2613
2614
2615
2616
2617
2618
2619
2620
2621
2622
2623
2624
2625
2626
2627
2628
2629
2630
2631
2632
2633
2634
2635
2636
2637
2638
2639
2640
2641
2642
2643
2644
2645
2646
2647
2648
2649
2650
2651
2652
2653
2654
2655
2656
2657
2658
2659
2660
2661
2662
2663
2664
2665
2666
2667
2668
2669
2670
2671
2672
2673
2674
2675
2676
2677
2678
2679
2680
2681
2682
2683
2684
2685
2686
2687
2688
2689
2690
2691
2692
2693
2694
2695
2696
2697
2698
2699
2700
2701
2702
2703
2704
2705
2706
2707
2708
2709
2710
2711
2712
2713
2714
2715
2716
2717
2718
2719
2720
2721
2722
2723
2724
2725
2726
2727
2728
2729
2730
2731
2732
2733
2734
2735
2736
2737
2738
2739
2740
2741
2742
2743
2744
2745
2746
2747
2748
2749
2750
2751
2752
2753
2754
2755
2756
2757
2758
2759
2760
2761
2762
2763
2764
2765
2766
2767
2768
2769
2770
2771
2772
2773
2774
2775
2776
2777
2778
2779
2780
2781
2782
2783
2784
2785
2786
2787
2788
2789
2790
2791
2792
2793
2794
2795
2796
2797
2798
2799
2800
2801
2802
2803
2804
2805
2806
2807
2808
2809
2810
2811
2812
2813
2814
2815
2816
2817
2818
2819
2820
2821
2822
2823
2824
2825
2826
2827
2828
2829
2830
2831
2832
2833
2834
2835
2836
2837
2838
2839
2840
2841
2842
2843
2844
2845
2846
2847
2848
2849
2850
2851
2852
2853
2854
2855
2856
2857
2858
2859
2860
2861
2862
2863
2864
2865
2866
2867
2868
2869
2870
2871
2872
2873
2874
2875
2876
2877
2878
2879
2880
2881
2882
2883
2884
2885
2886
2887
2888
2889
2890
2891
2892
2893
2894
2895
2896
2897
2898
2899
2900
2901
2902
2903
2904
2905
2906
2907
2908
2909
2910
2911
2912
2913
2914
2915
2916
2917
2918
2919
2920
2921
2922
2923
2924
2925
2926
2927
2928
2929
2930
2931
2932
2933
2934
2935
2936
2937
2938
2939
2940
2941
2942
2943
2944
2945
2946
2947
2948
2949
2950
2951
2952
2953
2954
2955
2956
2957
2958
2959
2960
2961
2962
2963
2964
2965
2966
2967
2968
2969
2970
2971
2972
2973
2974
2975
2976
2977
2978
2979
2980
2981
2982
2983
2984
2985
2986
2987
2988
2989
2990
2991
2992
2993
2994
2995
2996
2997
2998
2999
3000
3001
3002
3003
3004
3005
3006
3007
3008
3009
3010
3011
3012
3013
3014
3015
3016
3017
3018
3019
3020
3021
3022
3023
3024
3025
3026
3027
3028
3029
3030
3031
3032
3033
3034
3035
3036
3037
3038
3039
3040
3041
3042
3043
3044
3045
3046
3047
3048
3049
3050
3051
3052
3053
3054
3055
3056
3057
3058
3059
3060
3061
3062
3063
3064
3065
3066
3067
3068
3069
3070
3071
3072
3073
3074
3075
3076
3077
3078
3079
3080
3081
3082
3083
3084
3085
3086
3087
3088
3089
3090
3091
3092
3093
3094
3095
3096
3097
3098
3099
3100
3101
3102
3103
3104
3105
3106
3107
3108
3109
3110
3111
3112
3113
3114
3115
3116
3117
3118
3119
3120
3121
3122
3123
3124
3125
3126
3127
3128
3129
3130
3131
3132
3133
3134
3135
3136
3137
3138
3139
3140
3141
3142
3143
3144
3145
3146
3147
3148
3149
3150
3151
3152
3153
3154
3155
3156
3157
3158
3159
3160
3161
3162
3163
3164
3165
3166
3167
3168
3169
3170
3171
3172
3173
3174
3175
3176
3177
3178
3179
3180
3181
3182
3183
3184
3185
3186
3187
3188
3189
3190
3191
3192
3193
3194
3195
3196
3197
3198
3199
3200
3201
3202
3203
3204
3205
3206
3207
3208
3209
3210
3211
3212
3213
3214
3215
3216
3217
3218
3219
3220
3221
3222
3223
3224
3225
3226
3227
3228
3229
3230
3231
3232
3233
3234
3235
3236
3237
3238
3239
3240
3241
3242
3243
3244
3245
3246
3247
3248
3249
3250
3251
3252
3253
3254
3255
3256
3257
3258
3259
3260
3261
3262
3263
3264
3265
3266
3267
3268
3269
3270
3271
3272
3273
3274
3275
3276
3277
3278
3279
3280
3281
3282
3283
3284
3285
3286
3287
3288
3289
3290
3291
3292
3293
3294
3295
3296
3297
3298
3299
3300
3301
3302
3303
3304
3305
3306
3307
3308
3309
3310
3311
3312
3313
3314
3315
3316
3317
3318
3319
3320
3321
3322
3323
3324
3325
3326
3327
3328
3329
3330
3331
3332
3333
3334
3335
3336
3337
3338
3339
3340
3341
3342
3343
3344
3345
3346
3347
3348
3349
3350
3351
3352
3353
3354
3355
3356
3357
3358
3359
3360
3361
3362
3363
3364
3365
3366
3367
3368
3369
3370
3371
3372
3373
3374
3375
3376
3377
3378
3379
3380
3381
3382
3383
3384
3385
3386
3387
3388
3389
3390
3391
3392
3393
3394
3395
3396
3397
3398
3399
3400
3401
3402
3403
3404
3405
3406
3407
3408
3409
3410
3411
3412
3413
3414
3415
3416
3417
3418
3419
3420
3421
3422
3423
3424
3425
3426
3427
3428
3429
3430
3431
3432
3433
3434
3435
3436
3437
3438
3439
3440
3441
3442
3443
3444
3445
3446
3447
3448
3449
3450
3451
3452
3453
3454
3455
3456
3457
3458
3459
3460
3461
3462
3463
3464
3465
3466
3467
3468
3469
3470
3471
3472
3473
3474
3475
3476
3477
3478
3479
3480
3481
3482
3483
3484
3485
3486
3487
3488
3489
3490
3491
3492
3493
3494
3495
3496
3497
3498
3499
3500
3501
3502
3503
3504
3505
3506
3507
3508
3509
3510
3511
3512
3513
3514
3515
3516
3517
3518
3519
3520
3521
3522
3523
3524
3525
3526
3527
3528
3529
3530
3531
3532
3533
3534
3535
3536
3537
3538
3539
3540
3541
3542
3543
3544
3545
3546
3547
3548
3549
3550
3551
3552
3553
3554
3555
3556
3557
3558
3559
3560
3561
3562
3563
3564
3565
3566
3567
3568
3569
3570
3571
3572
3573
3574
3575
3576
3577
3578
3579
3580
3581
3582
3583
3584
3585
3586
3587
3588
3589
3590
3591
3592
3593
3594
3595
3596
3597
3598
3599
3600
3601
3602
3603
3604
3605
3606
3607
3608
3609
3610
3611
3612
3613
3614
3615
3616
3617
3618
3619
3620
3621
3622
3623
3624
3625
3626
3627
3628
3629
3630
3631
3632
3633
3634
3635
3636
3637
3638
3639
3640
3641
3642
3643
3644
3645
3646
3647
3648
3649
3650
3651
3652
3653
3654
3655
3656
3657
3658
3659
3660
3661
3662
3663
3664
3665
3666
3667
3668
3669
3670
3671
3672
3673
3674
3675
3676
3677
3678
3679
3680
3681
3682
3683
3684
3685
3686
3687
3688
3689
3690
3691
3692
3693
3694
3695
3696
3697
3698
3699
3700
3701
3702
3703
3704
3705
3706
3707
3708
3709
3710
3711
3712
3713
3714
3715
3716
3717
3718
3719
3720
3721
3722
3723
3724
3725
3726
3727
3728
3729
3730
3731
3732
3733
3734
3735
3736
3737
3738
3739
3740
3741
3742
3743
3744
3745
3746
3747
3748
3749
3750
3751
3752
3753
3754
3755
3756
3757
3758
3759
3760
3761
3762
3763
3764
3765
3766
3767
3768
3769
3770
3771
3772
3773
3774
3775
3776
3777
3778
3779
3780
3781
3782
3783
3784
3785
3786
3787
3788
3789
3790
3791
3792
3793
3794
3795
3796
3797
3798
3799
3800
3801
3802
3803
3804
3805
3806
3807
3808
3809
3810
3811
3812
3813
3814
3815
3816
3817
3818
3819
3820
3821
3822
3823
3824
3825
3826
3827
3828
3829
3830
3831
3832
3833
3834
3835
3836
3837
3838
3839
3840
3841
3842
3843
3844
3845
3846
3847
3848
3849
3850
3851
3852
3853
3854
3855
3856
3857
3858
3859
3860
3861
3862
3863
3864
3865
3866
3867
3868
3869
3870
3871
3872
3873
3874
3875
3876
3877
3878
3879
3880
3881
3882
3883
3884
3885
3886
3887
3888
3889
3890
3891
3892
3893
3894
3895
3896
3897
3898
3899
3900
3901
3902
3903
3904
3905
3906
3907
3908
3909
3910
3911
3912
3913
3914
3915
3916
3917
3918
3919
3920
3921
3922
3923
3924
3925
3926
3927
3928
3929
3930
3931
3932
3933
3934
3935
3936
3937
3938
3939
3940
3941
3942
3943
3944
3945
3946
3947
3948
3949
3950
3951
3952
3953
3954
3955
3956
3957
3958
3959
3960
3961
3962
3963
3964
3965
3966
3967
3968
3969
3970
3971
3972
3973
3974
3975
3976
3977
3978
3979
3980
3981
3982
3983
3984
3985
3986
3987
3988
3989
3990
3991
3992
3993
3994
3995
3996
3997
3998
3999
4000
4001
4002
4003
4004
4005
4006
4007
4008
4009
4010
4011
4012
4013
4014
4015
4016
4017
4018
4019
4020
4021
4022
4023
4024
4025
4026
4027
4028
4029
4030
4031
4032
4033
4034
4035
4036
4037
4038
4039
4040
4041
4042
4043
4044
4045
4046
4047
4048
4049
4050
4051
4052
4053
4054
4055
4056
4057
4058
4059
4060
4061
4062
4063
4064
4065
4066
4067
4068
4069
4070
4071
4072
4073
4074
4075
4076
4077
4078
4079
4080
4081
4082
4083
4084
4085
4086
4087
4088
4089
4090
4091
4092
4093
4094
4095
4096
4097
4098
4099
4100
4101
4102
4103
4104
4105
4106
4107
4108
4109
4110
4111
4112
4113
4114
4115
4116
4117
4118
4119
4120
4121
4122
4123
4124
4125
4126
4127
4128
4129
4130
4131
4132
4133
4134
4135
4136
4137
4138
4139
4140
4141
4142
4143
4144
4145
4146
4147
4148
4149
4150
4151
4152
4153
4154
4155
4156
4157
4158
4159
4160
4161
4162
4163
4164
4165
4166
4167
4168
4169
4170
4171
4172
4173
4174
4175
4176
4177
4178
4179
4180
4181
4182
4183
4184
4185
4186
4187
4188
4189
4190
4191
4192
4193
4194
4195
4196
4197
4198
4199
4200
4201
4202
4203
4204
4205
4206
4207
4208
4209
4210
4211
4212
4213
4214
4215
4216
4217
4218
4219
4220
4221
4222
4223
4224
4225
4226
4227
4228
4229
4230
4231
4232
4233
4234
4235
4236
4237
4238
4239
4240
4241
4242
4243
4244
4245
4246
4247
4248
4249
4250
4251
4252
4253
4254
4255
4256
4257
4258
4259
4260
4261
4262
4263
4264
4265
4266
4267
4268
4269
4270
4271
4272
4273
4274
4275
4276
4277
4278
4279
4280
4281
4282
4283
4284
4285
4286
4287
4288
4289
4290
4291
4292
4293
4294
4295
4296
4297
4298
4299
4300
4301
4302
4303
4304
4305
4306
4307
4308
4309
4310
4311
4312
4313
4314
4315
4316
4317
4318
4319
4320
4321
4322
4323
4324
4325
4326
4327
4328
4329
4330
4331
4332
4333
4334
4335
4336
4337
4338
4339
4340
4341
4342
4343
4344
4345
4346
4347
4348
4349
4350
4351
4352
4353
4354
4355
4356
4357
4358
4359
4360
4361
4362
4363
4364
4365
4366
4367
4368
4369
4370
4371
4372
4373
4374
4375
4376
4377
4378
4379
4380
4381
4382
4383
4384
4385
4386
4387
4388
4389
4390
4391
4392
4393
4394
4395
4396
4397
4398
4399
4400
4401
4402
4403
4404
4405
4406
4407
4408
4409
4410
4411
4412
4413
4414
4415
4416
4417
4418
4419
4420
4421
4422
4423
4424
4425
4426
4427
4428
4429
4430
4431
4432
4433
4434
4435
4436
4437
4438
4439
4440
4441
4442
4443
4444
4445
4446
4447
4448
4449
4450
4451
4452
4453
4454
4455
4456
4457
4458
4459
4460
4461
4462
4463
4464
4465
4466
4467
4468
4469
4470
4471
4472
4473
4474
4475
4476
4477
4478
4479
4480
4481
4482
4483
4484
4485
4486
4487
4488
4489
4490
4491
4492
4493
4494
4495
4496
4497
4498
4499
4500
4501
4502
4503
4504
4505
4506
4507
4508
4509
4510
4511
4512
4513
4514
4515
4516
4517
4518
4519
4520
4521
4522
4523
4524
4525
4526
4527
4528
4529
4530
4531
4532
4533
4534
4535
4536
4537
4538
4539
4540
4541
4542
4543
4544
4545
4546
4547
4548
4549
4550
4551
4552
4553
4554
4555
4556
4557
4558
4559
4560
4561
4562
4563
4564
4565
4566
4567
4568
4569
4570
4571
4572
4573
4574
4575
4576
4577
4578
4579
4580
4581
4582
4583
4584
4585
4586
4587
4588
4589
4590
4591
4592
4593
4594
4595
4596
4597
4598
4599
4600
4601
4602
4603
4604
4605
4606
4607
4608
4609
4610
4611
4612
4613
4614
4615
4616
4617
4618
4619
4620
4621
4622
4623
4624
4625
4626
4627
4628
4629
4630
4631
4632
4633
4634
4635
4636
4637
4638
4639
4640
4641
4642
4643
4644
4645
4646
4647
4648
4649
4650
4651
4652
4653
4654
4655
4656
4657
4658
4659
4660
4661
4662
4663
4664
4665
4666
4667
4668
4669
4670
4671
4672
4673
4674
4675
4676
4677
4678
4679
4680
4681
4682
4683
4684
4685
4686
4687
4688
4689
4690
4691
4692
4693
4694
4695
4696
4697
4698
4699
4700
4701
4702
4703
4704
4705
4706
4707
4708
4709
4710
4711
4712
4713
4714
4715
4716
4717
4718
4719
4720
4721
4722
4723
4724
4725
4726
4727
4728
4729
4730
4731
4732
4733
4734
4735
4736
4737
4738
4739
4740
4741
4742
4743
4744
4745
4746
4747
4748
4749
4750
4751
4752
4753
4754
4755
4756
4757
4758
4759
4760
4761
4762
4763
4764
4765
4766
4767
4768
4769
4770
4771
4772
4773
4774
4775
4776
4777
4778
4779
4780
4781
4782
4783
4784
4785
4786
4787
4788
4789
4790
4791
4792
4793
4794
4795
4796
4797
4798
4799
4800
4801
4802
4803
4804
4805
4806
4807
4808
4809
4810
4811
4812
4813
4814
4815
4816
4817
4818
4819
4820
4821
4822
4823
4824
4825
4826
4827
4828
4829
4830
4831
4832
4833
4834
4835
4836
4837
4838
4839
4840
4841
4842
4843
4844
4845
4846
4847
4848
4849
4850
4851
4852
4853
4854
4855
4856
4857
4858
4859
4860
4861
4862
4863
4864
4865
4866
4867
4868
4869
4870
4871
4872
4873
4874
4875
4876
4877
4878
4879
4880
337807
337808
337809
337810
337811
337812
337813
337814
337815
337816
337817
337818
337819
337820
337821
337822
337823
337824
337825
337826
337827
337828
337829
337830
337831
337832
337833
337834
337835
337836
337837
337838
337839
337840
337841
337842
337843
337844
337845
337846
337847
337848
337849
337850
337851
337852
337853
337854
337855
337856
337857
337858
337859
337860
337861
337862
337863
337864
337865
337866
337867
337868
337869
337870
337871
337872
337873
337874
337875
337876
337877
337878
337879
337880
337881
337882
337883
337884
337885
337886
337887
337888
337889
337890
337891
337892
337893
337894
337895
337896
337897
337898
337899
337900
337901
337902
337903
337904
337905
337906
337907
337908
337909
337910
337911
337912
337913
337914
337915
337916
337917
337918
337919
337920
337921
337922
337923
337924
337925
337926
337927
337928
337929
337930
337931
337932
337933
337934
337935
337936
337937
337938
337939
337940
337941
337942
337943
337944
337945
337946
337947
337948
337949
337950
337951
337952
337953
337954
337955
337956
337957
337958
337959
337960
337961
337962
337963
337964
337965
337966
337967
337968
337969
337970
337971
337972
337973
337974
337975
337976
337977
337978
337979
337980
337981
337982
337983
337984
337985
337986
337987
337988
337989
337990
337991
337992
337993
337994
337995
337996
337997
337998
337999
338000
338001
338002
338003
338004
338005
338006
338007
338008
338009
338010
338011
338012
338013
338014
338015
338016
338017
338018
338019
338020
338021
338022
338023
338024
338025
338026
338027
338028
338029
338030
338031
338032
338033
338034
338035
338036
338037
338038
338039
338040
338041
338042
338043
338044
338045
338046
338047
338048
338049
338050
338051
338052
338053
338054
338055
338056
338057
338058
338059
338060
338061
338062
338063
338064
338065
338066
338067
338068
338069
338070
338071
338072
338073
338074
338075
338076
338077
338078
338079
338080
338081
338082
338083
338084
338085
338086
338087
338088
338089
338090
338091
338092
338093
338094
338095
338096
338097
338098
338099
338100
338101
338102
338103
338104
338105
338106
338107
338108
338109
338110
338111
338112
338113
338114
338115
338116
338117
338118
338119
338120
338121
338122
338123
338124
338125
338126
338127
338128
338129
338130
338131
338132
338133
338134
338135
338136
338137
338138
338139
338140
338141
338142
338143
338144
338145
338146
338147
338148
338149
338150
338151
338152
338153
338154
338155
338156
338157
338158
338159
338160
338161
338162
338163
338164
338165
338166
338167
338168
338169
338170
338171
338172
338173
338174
338175
338176
338177
338178
338179
338180
338181
338182
338183
338184
338185
338186
338187
338188
338189
338190
338191
338192
338193
338194
338195
338196
338197
338198
338199
338200
338201
338202
338203
338204
338205
338206
338207
338208
338209
338210
338211
338212
338213
338214
338215
338216
338217
338218
338219
338220
338221
338222
338223
338224
338225
338226
338227
338228
338229
338230
338231
338232
338233
338234
338235
338236
338237
338238
338239
338240
338241
338242
338243
338244
338245
338246
338247
338248
338249
338250
338251
338252
338253
338254
338255
338256
338257
338258
338259
338260
338261
338262
338263
338264
338265
338266
338267
338268
338269
338270
338271
338272
338273
338274
338275
338276
338277
338278
338279
338280
338281
338282
338283
338284
338285
338286
338287
338288
338289
338290
338291
338292
338293
338294
338295
338296
338297
338298
338299
338300
338301
338302
338303
338304
338305
338306
338307
338308
338309
338310
338311
338312
338313
338314
338315
338316
338317
338318
338319
338320
338321
338322
338323
338324
338325
338326
338327
338328
338329
338330
338331
338332
338333
338334
338335
338336
338337
338338
338339
338340
338341
338342
338343
338344
338345
338346
338347
338348
338349
338350
338351
338352
338353
338354
338355
338356
338357
338358
338359
338360
338361
338362
338363
338364
338365
338366
338367
338368
338369
338370
338371
338372
338373
338374
338375
338376
338377
338378
338379
338380
338381
338382
338383
338384
338385
338386
338387
338388
338389
338390
338391
338392
338393
338394
338395
338396
338397
338398
338399
338400
338401
338402
338403
338404
338405
338406
338407
338408
338409
338410
338411
338412
338413
338414
338415
338416
338417
338418
338419
338420
338421
338422
338423
338424
338425
338426
338427
338428
338429
338430
338431
338432
338433
338434
338435
338436
338437
338438
338439
338440
338441
338442
338443
338444
338445
338446
338447
338448
338449
338450
338451
338452
338453
338454
338455
338456
338457
338458
338459
338460
338461
338462
338463
338464
338465
338466
338467
338468
338469
338470
338471
338472
338473
338474
338475
338476
338477
338478
338479
338480
338481
338482
338483
338484
338485
338486
338487
338488
338489
338490
338491
338492
338493
338494
338495
338496
338497
338498
338499
338500
338501
338502
338503
338504
338505
338506
338507
338508
338509
338510
338511
338512
338513
338514
338515
338516
338517
338518
338519
338520
338521
338522
338523
338524
338525
338526
338527
338528
338529
338530
338531
338532
338533
338534
338535
338536
338537
338538
338539
338540
338541
338542
338543
338544
338545
338546
338547
338548
338549
338550
338551
338552
338553
338554
338555
338556
338557
338558
338559
338560
338561
338562
338563
338564
338565
338566
338567
338568
338569
338570
338571
338572
338573
338574
338575
338576
338577
338578
338579
338580
338581
338582
338583
338584
338585
338586
338587
338588
338589
338590
338591
338592
338593
338594
338595
338596
338597
338598
338599
338600
338601
338602
338603
338604
338605
338606
338607
338608
338609
338610
338611
338612
338613
338614
338615
338616
338617
338618
338619
338620
338621
338622
338623
338624
338625
338626
338627
338628
338629
338630
338631
338632
338633
338634
338635
338636
338637
338638
338639
338640
338641
338642
338643
338644
338645
338646
338647
338648
338649
338650
338651
338652
338653
338654
338655
338656
338657
338658
338659
338660
338661
338662
338663
338664
338665
338666
338667
338668
338669
338670
338671
338672
338673
338674
338675
338676
338677
338678
338679
338680
338681
338682
338683
338684
338685
338686
338687
338688
338689
338690
338691
338692
338693
338694
338695
338696
338697
338698
338699
338700
338701
338702
338703
338704
338705
338706
338707
338708
338709
338710
338711
338712
338713
338714
338715
338716
338717
338718
338719
338720
338721
338722
338723
338724
338725
338726
338727
338728
338729
338730
338731
338732
338733
338734
338735
338736
338737
338738
338739
338740
338741
338742
338743
338744
338745
338746
338747
338748
338749
338750
338751
338752
338753
338754
338755
338756
338757
338758
338759
338760
338761
338762
338763
338764
338765
338766
338767
338768
338769
338770
338771
338772
338773
338774
338775
338776
338777
338778
338779
338780
338781
338782
338783
338784
338785
338786
338787
338788
338789
338790
338791
338792
338793
338794
338795
338796
338797
338798
338799
338800
338801
338802
338803
338804
338805
338806
338807
338808
338809
338810
338811
338812
338813
338814
338815
338816
338817
338818
338819
338820
338821
338822
338823
338824
338825
338826
338827
338828
338829
338830
338831
338832
338833
338834
338835
338836
338837
338838
338839
338840
338841
338842
338843
338844
338845
338846
338847
338848
338849
338850
338851
338852
338853
338854
338855
338856
338857
338858
338859
338860
338861
338862
338863
338864
338865
338866
338867
338868
338869
338870
338871
338872
338873
338874
338875
338876
338877
338878
338879
338880
338881
338882
338883
338884
338885
338886
338887
338888
338889
338890
338891
338892
338893
338894
338895
338896
338897
338898
338899
338900
338901
338902
338903
338904
338905
338906
338907
338908
338909
338910
338911
338912
338913
338914
338915
338916
338917
338918
338919
338920
338921
338922
338923
338924
338925
338926
338927
338928
338929
338930
338931
338932
338933
338934
338935
338936
338937
338938
338939
338940
338941
338942
338943
338944
338945
338946
338947
338948
338949
338950
338951
338952
338953
338954
338955
338956
338957
338958
338959
338960
338961
338962
338963
338964
338965
338966
338967
338968
338969
338970
338971
338972
338973
338974
338975
338976
338977
338978
338979
338980
338981
338982
338983
338984
338985
338986
338987
338988
338989
338990
338991
338992
338993
338994
338995
338996
338997
338998
338999
339000
339001
339002
339003
339004
339005
339006
339007
339008
339009
339010
339011
339012
339013
339014
339015
339016
339017
339018
339019
339020
339021
339022
339023
339024
339025
339026
339027
339028
339029
339030
339031
339032
339033
339034
339035
339036
339037
339038
339039
339040
339041
339042
339043
339044
339045
339046
339047
339048
339049
339050
339051
339052
339053
339054
339055
339056
339057
339058
339059
339060
339061
339062
339063
339064
339065
339066
339067
339068
339069
339070
339071
339072
339073
339074
339075
339076
339077
339078
339079
339080
339081
339082
339083
339084
339085
339086
339087
339088
339089
339090
339091
339092
339093
339094
339095
339096
339097
339098
339099
339100
339101
339102
339103
339104
339105
339106
339107
339108
339109
339110
339111
339112
339113
339114
339115
339116
339117
339118
339119
339120
339121
339122
339123
339124
339125
339126
339127
339128
339129
339130
339131
339132
339133
339134
339135
339136
339137
339138
339139
339140
339141
339142
339143
339144
339145
339146
339147
339148
339149
339150
339151
339152
339153
339154
339155
339156
339157
339158
339159
339160
339161
339162
339163
339164
339165
339166
339167
339168
339169
339170
339171
339172
339173
339174
339175
339176
339177
339178
339179
339180
339181
339182
339183
339184
339185
339186
339187
339188
339189
339190
339191
339192
339193
339194
339195
339196
339197
339198
339199
339200
339201
339202
339203
339204
339205
339206
339207
339208
339209
339210
339211
339212
339213
339214
339215
339216
339217
339218
339219
339220
339221
339222
339223
339224
339225
339226
339227
339228
339229
339230
339231
339232
339233
339234
339235
339236
339237
339238
339239
339240
339241
339242
339243
339244
339245
339246
339247
339248
339249
339250
339251
339252
339253
339254
339255
339256
339257
339258
339259
339260
339261
339262
339263
339264
339265
339266
339267
339268
339269
339270
339271
339272
339273
339274
339275
339276
339277
339278
339279
339280
339281
339282
339283
339284
339285
339286
339287
339288
339289
339290
339291
339292
339293
339294
339295
339296
339297
339298
339299
339300
339301
339302
339303
339304
339305
339306
339307
339308
339309
339310
339311
339312
339313
339314
339315
339316
339317
339318
339319
339320
339321
339322
339323
339324
339325
339326
339327
339328
339329
339330
339331
339332
339333
339334
339335
339336
339337
339338
339339
339340
339341
339342
339343
339344
339345
339346
339347
339348
339349
339350
339351
339352
339353
339354
339355
339356
339357
339358
339359
339360
339361
339362
339363
339364
339365
339366
339367
339368
339369
339370
339371
339372
339373
339374
339375
339376
339377
339378
339379
339380
339381
339382
339383
339384
339385
339386
339387
339388
339389
339390
339391
339392
339393
339394
339395
339396
339397
339398
339399
339400
339401
339402
339403
339404
339405
339406
339407
339408
339409
339410
339411
339412
339413
339414
339415
339416
339417
339418
339419
339420
339421
339422
339423
339424
339425
339426
339427
339428
339429
339430
339431
339432
339433
339434
339435
339436
339437
339438
339439
339440
339441
339442
339443
339444
339445
339446
339447
339448
339449
339450
339451
339452
339453
339454
339455
339456
339457
339458
339459
339460
339461
339462
339463
339464
339465
339466
339467
339468
339469
339470
339471
339472
339473
339474
339475
339476
339477
339478
339479
339480
339481
339482
339483
339484
339485
339486
339487
339488
339489
339490
339491
339492
339493
339494
339495
339496
339497
339498
339499
339500
339501
339502
339503
339504
339505
339506
339507
339508
339509
339510
339511
339512
339513
339514
339515
339516
339517
339518
339519
339520
339521
339522
339523
339524
339525
339526
339527
339528
339529
339530
339531
339532
339533
339534
339535
339536
339537
339538
339539
339540
339541
339542
339543
339544
339545
339546
339547
339548
339549
339550
339551
339552
339553
339554
339555
339556
339557
339558
339559
339560
339561
339562
339563
339564
339565
339566
339567
339568
339569
339570
339571
339572
339573
339574
339575
339576
339577
339578
339579
339580
339581
339582
339583
339584
339585
339586
339587
339588
339589
339590
339591
339592
339593
339594
339595
339596
339597
339598
339599
339600
339601
339602
339603
339604
339605
339606
339607
339608
339609
339610
339611
339612
339613
339614
339615
339616
339617
339618
339619
339620
339621
339622
339623
339624
339625
339626
339627
339628
339629
339630
339631
339632
339633
339634
339635
339636
339637
339638
339639
339640
339641
339642
339643
339644
339645
339646
339647
339648
339649
339650
339651
339652
339653
339654
339655
339656
339657
339658
339659
339660
339661
339662
339663
339664
339665
339666
339667
339668
339669
339670
339671
339672
339673
339674
339675
339676
339677
339678
339679
339680
339681
339682
339683
339684
339685
339686
339687
339688
339689
339690
339691
339692
339693
339694
339695
339696
339697
339698
339699
339700
339701
339702
339703
339704
339705
339706
339707
339708
339709
339710
339711
339712
339713
339714
339715
339716
339717
339718
339719
339720
339721
339722
339723
339724
339725
339726
339727
339728
339729
339730
339731
339732
339733
339734
339735
339736
339737
339738
339739
339740
339741
339742
339743
339744
339745
339746
339747
339748
339749
339750
339751
339752
339753
339754
339755
339756
339757
339758
339759
339760
339761
339762
339763
339764
339765
339766
339767
339768
339769
339770
339771
339772
339773
339774
339775
339776
339777
339778
339779
339780
339781
339782
339783
339784
339785
339786
339787
339788
339789
339790
339791
339792
339793
339794
339795
339796
339797
339798
339799
339800
)


// ************************************************************************* //
