/*--------------------------------*- C++ -*----------------------------------*\
| =========                 |                                                 |
| \\      /  F ield         | OpenFOAM: The Open Source CFD Toolbox           |
|  \\    /   O peration     | Version:  4.1                                   |
|   \\  /    A nd           | Web:      www.OpenFOAM.org                      |
|    \\/     M anipulation  |                                                 |
\*---------------------------------------------------------------------------*/
FoamFile
{
    version     2.0;
    format      binary;
    class       cellSet;
    location    "constant/polyMesh/sets";
    object      solidCellSet;
}
// * * * * * * * * * * * * * * * * * * * * * * * * * * * * * * * * * * * * * //


4960
(
16384 
0 
16385 
1 
16386 
2 
16387 
3 
16388 
4 
16389 
5 
16390 
6 
16391 
7 
16392 
8 
16393 
9 
16394 
10 
16395 
11 
16396 
12 
16397 
13 
16398 
14 
16399 
15 
16400 
16 
16401 
17 
16402 
18 
16403 
19 
16404 
20 
16405 
21 
16406 
22 
16407 
23 
16408 
24 
16409 
25 
16410 
26 
16411 
27 
16412 
28 
16413 
29 
16414 
30 
16415 
31 
16416 
32 
16417 
33 
16418 
34 
16419 
35 
16420 
36 
16421 
37 
16422 
38 
16423 
39 
16424 
40 
16425 
41 
16426 
42 
16427 
43 
16428 
44 
16429 
45 
16430 
46 
16431 
47 
16432 
48 
16433 
49 
16434 
50 
16435 
51 
16436 
52 
16437 
53 
16438 
54 
16439 
55 
16440 
56 
16441 
57 
16442 
58 
16443 
59 
16444 
60 
16445 
61 
16446 
62 
16447 
63 
16448 
64 
16449 
65 
16450 
66 
16451 
67 
16452 
68 
16453 
69 
16454 
70 
16455 
71 
16456 
72 
16457 
73 
16458 
74 
16459 
75 
16460 
76 
16461 
77 
16462 
78 
16463 
79 
16464 
80 
16465 
81 
16466 
82 
16467 
83 
16468 
84 
16469 
85 
16470 
86 
16471 
87 
16472 
88 
16473 
89 
16474 
90 
16475 
91 
16476 
92 
16477 
93 
16478 
94 
16479 
95 
16480 
96 
16481 
97 
16482 
98 
16483 
99 
16484 
100 
16485 
101 
16486 
102 
16487 
103 
16488 
104 
16489 
105 
16490 
106 
16491 
107 
16492 
108 
16493 
109 
16494 
110 
16495 
111 
16496 
112 
16497 
113 
16498 
114 
16499 
115 
16500 
116 
16501 
117 
16502 
118 
16503 
119 
16504 
120 
16505 
121 
16506 
122 
16507 
123 
16508 
124 
16509 
125 
16510 
126 
16511 
127 
16512 
128 
16513 
129 
16514 
130 
16515 
131 
16516 
132 
16517 
133 
16518 
134 
16519 
135 
16520 
136 
16521 
137 
16522 
138 
16523 
139 
16524 
140 
16525 
141 
16526 
142 
16527 
143 
16528 
144 
16529 
145 
16530 
146 
16531 
147 
16532 
148 
16533 
149 
16534 
150 
16535 
151 
16536 
152 
16537 
153 
16538 
154 
16539 
155 
16540 
156 
16541 
157 
16542 
158 
16543 
159 
16544 
160 
16545 
161 
16546 
162 
16547 
163 
16548 
164 
16549 
165 
16550 
166 
16551 
167 
16552 
168 
16553 
169 
16554 
170 
16555 
171 
16556 
172 
16557 
173 
16558 
174 
16559 
175 
16560 
176 
16561 
177 
16562 
178 
16563 
179 
16564 
180 
16565 
181 
16566 
182 
16567 
183 
16568 
184 
16569 
185 
16570 
186 
16571 
187 
16572 
188 
16573 
189 
16574 
190 
16575 
191 
16576 
192 
16577 
193 
16578 
194 
16579 
195 
16580 
196 
16581 
197 
16582 
198 
16583 
199 
16584 
200 
16585 
201 
16586 
202 
16587 
203 
16588 
204 
16589 
205 
16590 
206 
16591 
207 
16592 
208 
16593 
209 
16594 
210 
16595 
211 
16596 
212 
16597 
213 
16598 
214 
16599 
215 
16600 
216 
16601 
217 
16602 
218 
16603 
219 
16604 
220 
16605 
221 
16606 
222 
16607 
223 
16608 
224 
16609 
225 
16610 
226 
16611 
227 
16612 
228 
16613 
229 
16614 
230 
16615 
231 
16616 
232 
16617 
233 
16618 
234 
16619 
235 
16620 
236 
16621 
237 
16622 
238 
16623 
239 
16624 
240 
16625 
241 
16626 
242 
16627 
243 
16628 
244 
16629 
245 
16630 
246 
16631 
247 
16632 
248 
16633 
249 
16634 
250 
16635 
251 
16636 
252 
16637 
253 
16638 
254 
16639 
255 
16640 
256 
16641 
257 
16642 
258 
16643 
259 
16644 
260 
16645 
261 
16646 
262 
16647 
263 
16648 
264 
16649 
265 
16650 
266 
16651 
267 
16652 
268 
16653 
269 
16654 
270 
16655 
271 
16656 
272 
16657 
273 
16658 
274 
16659 
275 
16660 
276 
16661 
277 
16662 
278 
16663 
279 
16664 
280 
16665 
281 
16666 
282 
16667 
283 
16668 
284 
16669 
285 
16670 
286 
16671 
287 
16672 
288 
16673 
289 
16674 
290 
16675 
291 
16676 
292 
16677 
293 
16678 
294 
16679 
295 
16680 
296 
16681 
297 
16682 
298 
16683 
299 
16684 
300 
16685 
301 
16686 
302 
16687 
303 
16688 
304 
16689 
305 
16690 
306 
16691 
307 
16692 
308 
16693 
309 
16694 
310 
16695 
311 
16696 
312 
16697 
313 
16698 
314 
16699 
315 
16700 
316 
16701 
317 
16702 
318 
16703 
319 
16704 
320 
16705 
321 
16706 
322 
16707 
323 
16708 
324 
16709 
325 
16710 
326 
16711 
327 
16712 
328 
16713 
329 
16714 
330 
16715 
331 
16716 
332 
16717 
333 
16718 
334 
16719 
335 
16720 
336 
16721 
337 
16722 
338 
16723 
339 
16724 
340 
16725 
341 
16726 
342 
16727 
343 
16728 
344 
16729 
345 
16730 
346 
16731 
347 
16732 
348 
16733 
349 
16734 
350 
16735 
351 
16736 
352 
16737 
353 
16738 
354 
16739 
355 
16740 
356 
16741 
357 
16742 
358 
16743 
359 
16744 
360 
16745 
361 
16746 
362 
16747 
363 
16748 
364 
16749 
365 
16750 
366 
16751 
367 
16752 
368 
16753 
369 
16754 
370 
16755 
371 
16756 
372 
16757 
373 
16758 
374 
16759 
375 
16760 
376 
16761 
377 
16762 
378 
16763 
379 
16764 
380 
16765 
381 
16766 
382 
16767 
383 
16768 
384 
16769 
385 
16770 
386 
16771 
387 
16772 
388 
16773 
389 
16774 
390 
16775 
391 
16776 
392 
16777 
393 
16778 
394 
16779 
395 
16780 
396 
16781 
397 
16782 
398 
16783 
399 
16784 
400 
16785 
401 
16786 
402 
16787 
403 
16788 
404 
16789 
405 
16790 
406 
16791 
407 
16792 
408 
16793 
409 
16794 
410 
16795 
411 
16796 
412 
16797 
413 
16798 
414 
16799 
415 
16800 
416 
16801 
417 
16802 
418 
16803 
419 
16804 
420 
16805 
421 
16806 
422 
16807 
423 
16808 
424 
16809 
425 
16810 
426 
16811 
427 
16812 
428 
16813 
429 
16814 
430 
16815 
431 
16816 
432 
16817 
433 
16818 
434 
16819 
435 
16820 
436 
16821 
437 
16822 
438 
16823 
439 
16824 
440 
16825 
441 
16826 
442 
16827 
443 
16828 
444 
16829 
445 
16830 
446 
16831 
447 
16832 
448 
16833 
449 
16834 
450 
16835 
451 
16836 
452 
16837 
453 
16838 
454 
16839 
455 
16840 
456 
16841 
457 
16842 
458 
16843 
459 
16844 
460 
16845 
461 
16846 
462 
16847 
463 
16848 
464 
16849 
465 
16850 
466 
16851 
467 
16852 
468 
16853 
469 
16854 
470 
16855 
471 
16856 
472 
16857 
473 
16858 
474 
16859 
475 
16860 
476 
16861 
477 
16862 
478 
16863 
479 
16864 
480 
16865 
481 
16866 
482 
16867 
483 
16868 
484 
16869 
485 
16870 
486 
16871 
487 
16872 
488 
16873 
489 
16874 
490 
16875 
491 
16876 
492 
16877 
493 
16878 
494 
16879 
495 
16880 
496 
16881 
497 
16882 
498 
16883 
499 
16884 
500 
16885 
501 
16886 
502 
16887 
503 
16888 
504 
16889 
505 
16890 
506 
16891 
507 
16892 
508 
16893 
509 
16894 
510 
16895 
511 
16896 
512 
16897 
513 
16898 
514 
16899 
515 
16900 
516 
16901 
517 
16902 
518 
16903 
519 
16904 
520 
16905 
521 
16906 
522 
16907 
523 
16908 
524 
16909 
525 
16910 
526 
16911 
527 
16912 
528 
16913 
529 
16914 
530 
16915 
531 
16916 
532 
16917 
533 
16918 
534 
16919 
535 
16920 
536 
16921 
537 
16922 
538 
16923 
539 
16924 
540 
16925 
541 
16926 
542 
16927 
543 
16928 
544 
16929 
545 
16930 
546 
16931 
547 
16932 
548 
16933 
549 
16934 
550 
16935 
551 
16936 
552 
16937 
553 
16938 
554 
16939 
555 
16940 
556 
16941 
557 
16942 
558 
16943 
559 
16944 
560 
16945 
561 
16946 
562 
16947 
563 
16948 
564 
16949 
565 
16950 
566 
16951 
567 
16952 
568 
16953 
569 
16954 
570 
16955 
571 
16956 
572 
16957 
573 
16958 
574 
16959 
575 
16960 
576 
16961 
577 
16962 
578 
16963 
579 
16964 
580 
16965 
581 
16966 
582 
16967 
583 
16968 
584 
16969 
585 
16970 
586 
16971 
587 
16972 
588 
16973 
589 
16974 
590 
16975 
591 
16976 
592 
16977 
593 
16978 
594 
16979 
595 
16980 
596 
16981 
597 
16982 
598 
16983 
599 
16984 
600 
16985 
601 
16986 
602 
16987 
603 
16988 
604 
16989 
605 
16990 
606 
16991 
607 
16992 
608 
16993 
609 
16994 
610 
16995 
611 
16996 
612 
16997 
613 
16998 
614 
16999 
615 
17000 
616 
17001 
617 
17002 
618 
17003 
619 
17004 
620 
17005 
621 
17006 
622 
17007 
623 
17008 
624 
17009 
625 
17010 
626 
17011 
627 
17012 
628 
17013 
629 
17014 
630 
17015 
631 
17016 
632 
17017 
633 
17018 
634 
17019 
635 
17020 
636 
17021 
637 
17022 
638 
17023 
639 
17024 
640 
17025 
641 
17026 
642 
17027 
643 
17028 
644 
17029 
645 
17030 
646 
17031 
647 
17032 
648 
17033 
649 
17034 
650 
17035 
651 
17036 
652 
17037 
653 
17038 
654 
17039 
655 
17040 
656 
17041 
657 
17042 
658 
17043 
659 
17044 
660 
17045 
661 
17046 
662 
17047 
663 
17048 
664 
17049 
665 
17050 
666 
17051 
667 
17052 
668 
17053 
669 
17054 
670 
17055 
671 
17056 
672 
17057 
673 
17058 
674 
17059 
675 
17060 
676 
17061 
677 
17062 
678 
17063 
679 
17064 
680 
17065 
681 
17066 
682 
17067 
683 
17068 
684 
17069 
685 
17070 
686 
17071 
687 
17072 
688 
17073 
689 
17074 
690 
17075 
691 
17076 
692 
17077 
693 
17078 
694 
17079 
695 
17080 
696 
17081 
697 
17082 
698 
17083 
699 
17084 
700 
17085 
701 
17086 
702 
17087 
703 
17088 
704 
17089 
705 
17090 
706 
17091 
707 
17092 
708 
17093 
709 
17094 
710 
17095 
711 
17096 
712 
17097 
713 
17098 
714 
17099 
715 
17100 
716 
17101 
717 
17102 
718 
17103 
719 
17104 
720 
17105 
721 
17106 
722 
17107 
723 
17108 
724 
17109 
725 
17110 
726 
17111 
727 
17112 
728 
17113 
729 
17114 
730 
17115 
731 
17116 
732 
17117 
733 
17118 
734 
17119 
735 
17120 
736 
17121 
737 
17122 
738 
17123 
739 
17124 
740 
17125 
741 
17126 
742 
17127 
743 
17128 
744 
17129 
745 
17130 
746 
17131 
747 
17132 
748 
17133 
749 
17134 
750 
17135 
751 
17136 
752 
17137 
753 
17138 
754 
17139 
755 
17140 
756 
17141 
757 
17142 
758 
17143 
759 
17144 
760 
17145 
761 
17146 
762 
17147 
763 
17148 
764 
17149 
765 
17150 
766 
17151 
767 
17152 
768 
17153 
769 
17154 
770 
17155 
771 
17156 
772 
17157 
773 
17158 
774 
17159 
775 
17160 
776 
17161 
777 
17162 
778 
17163 
779 
17164 
780 
17165 
781 
17166 
782 
17167 
783 
17168 
784 
17169 
785 
17170 
786 
17171 
787 
17172 
788 
17173 
789 
17174 
790 
17175 
791 
17176 
792 
17177 
793 
17178 
794 
17179 
795 
17180 
796 
17181 
797 
17182 
798 
17183 
799 
17184 
800 
17185 
801 
17186 
802 
17187 
803 
17188 
804 
17189 
805 
17190 
806 
17191 
807 
17192 
808 
17193 
809 
17194 
810 
17195 
811 
17196 
812 
17197 
813 
17198 
814 
17199 
815 
17200 
816 
17201 
817 
17202 
818 
17203 
819 
17204 
820 
17205 
821 
17206 
822 
17207 
823 
17208 
824 
17209 
825 
17210 
826 
17211 
827 
17212 
828 
17213 
829 
17214 
830 
17215 
831 
17216 
832 
17217 
833 
17218 
834 
17219 
835 
17220 
836 
17221 
837 
17222 
838 
17223 
839 
17224 
840 
17225 
841 
17226 
842 
17227 
843 
17228 
844 
17229 
845 
17230 
846 
17231 
847 
17232 
848 
17233 
849 
17234 
850 
17235 
851 
17236 
852 
17237 
853 
17238 
854 
17239 
855 
17240 
856 
17241 
857 
17242 
858 
17243 
859 
17244 
860 
17245 
861 
17246 
862 
17247 
863 
17248 
864 
17249 
865 
17250 
866 
17251 
867 
17252 
868 
17253 
869 
17254 
870 
17255 
871 
17256 
872 
17257 
873 
17258 
874 
17259 
875 
17260 
876 
17261 
877 
17262 
878 
17263 
879 
17264 
880 
17265 
881 
17266 
882 
17267 
883 
17268 
884 
17269 
885 
17270 
886 
17271 
887 
17272 
888 
17273 
889 
17274 
890 
17275 
891 
17276 
892 
17277 
893 
17278 
894 
17279 
895 
896 
897 
898 
899 
900 
901 
902 
903 
904 
905 
906 
907 
908 
909 
910 
911 
912 
913 
914 
915 
916 
917 
918 
919 
920 
921 
922 
923 
924 
925 
926 
927 
928 
929 
930 
931 
932 
933 
934 
935 
936 
937 
938 
939 
940 
941 
942 
943 
944 
945 
946 
947 
948 
949 
950 
951 
952 
953 
954 
955 
956 
957 
958 
959 
960 
961 
962 
963 
964 
965 
966 
967 
968 
969 
970 
971 
972 
973 
974 
975 
976 
977 
978 
979 
980 
981 
982 
983 
984 
985 
986 
987 
988 
989 
990 
991 
992 
993 
994 
995 
996 
997 
998 
999 
1000 
1001 
1002 
1003 
1004 
1005 
1006 
1007 
1008 
1009 
1010 
1011 
1012 
1013 
1014 
1015 
1016 
1017 
1018 
1019 
1020 
1021 
1022 
1023 
1024 
1025 
1026 
1027 
1028 
1029 
1030 
1031 
1032 
1033 
1034 
1035 
1036 
1037 
1038 
1039 
1040 
1041 
1042 
1043 
1044 
1045 
1046 
1047 
1048 
1049 
1050 
1051 
1052 
1053 
1054 
1055 
1056 
1057 
1058 
1059 
1060 
1061 
1062 
1063 
1064 
1065 
1066 
1067 
1068 
1069 
1070 
1071 
1072 
1073 
1074 
1075 
1076 
1077 
1078 
1079 
1080 
1081 
1082 
1083 
1084 
1085 
1086 
1087 
1088 
1089 
1090 
1091 
1092 
1093 
1094 
1095 
1096 
1097 
1098 
1099 
1100 
1101 
1102 
1103 
1104 
1105 
1106 
1107 
1108 
1109 
1110 
1111 
1112 
1113 
1114 
1115 
1116 
1117 
1118 
1119 
1120 
1121 
1122 
1123 
1124 
1125 
1126 
1127 
1128 
1129 
1130 
1131 
1132 
1133 
1134 
1135 
1136 
1137 
1138 
1139 
1140 
1141 
1142 
1143 
1144 
1145 
1146 
1147 
1148 
1149 
1150 
1151 
1152 
1153 
1154 
1155 
1156 
1157 
1158 
1159 
1160 
1161 
1162 
1163 
1164 
1165 
1166 
1167 
1168 
1169 
1170 
1171 
1172 
1173 
1174 
1175 
1176 
1177 
1178 
1179 
1180 
1181 
1182 
1183 
1184 
1185 
1186 
1187 
1188 
1189 
1190 
1191 
1192 
1193 
1194 
1195 
1196 
1197 
1198 
1199 
1200 
1201 
1202 
1203 
1204 
1205 
1206 
1207 
1208 
1209 
1210 
1211 
1212 
1213 
1214 
1215 
1216 
1217 
1218 
1219 
1220 
1221 
1222 
1223 
1224 
1225 
1226 
1227 
1228 
1229 
1230 
1231 
1232 
1233 
1234 
1235 
1236 
1237 
1238 
1239 
1240 
1241 
1242 
1243 
1244 
1245 
1246 
1247 
1248 
1249 
1250 
1251 
1252 
1253 
1254 
1255 
1256 
1257 
1258 
1259 
1260 
1261 
1262 
1263 
1264 
1265 
1266 
1267 
1268 
1269 
1270 
1271 
1272 
1273 
1274 
1275 
1276 
1277 
1278 
1279 
1280 
1281 
1282 
1283 
1284 
1285 
1286 
1287 
1288 
1289 
1290 
1291 
1292 
1293 
1294 
1295 
1296 
1297 
1298 
1299 
1300 
1301 
1302 
1303 
1304 
1305 
1306 
1307 
1308 
1309 
1310 
1311 
1312 
1313 
1314 
1315 
1316 
1317 
1318 
1319 
1320 
1321 
1322 
1323 
1324 
1325 
1326 
1327 
1328 
1329 
1330 
1331 
1332 
1333 
1334 
1335 
1336 
1337 
1338 
1339 
1340 
1341 
1342 
1343 
1344 
1345 
1346 
1347 
1348 
1349 
1350 
1351 
1352 
1353 
1354 
1355 
1356 
1357 
1358 
1359 
1360 
1361 
1362 
1363 
1364 
1365 
1366 
1367 
1368 
1369 
1370 
1371 
1372 
1373 
1374 
1375 
1376 
1377 
1378 
1379 
1380 
1381 
1382 
1383 
1384 
1385 
1386 
1387 
1388 
1389 
1390 
1391 
1392 
1393 
1394 
1395 
1396 
1397 
1398 
1399 
1400 
1401 
1402 
1403 
1404 
1405 
1406 
1407 
1408 
1409 
1410 
1411 
1412 
1413 
1414 
1415 
1416 
1417 
1418 
1419 
1420 
1421 
1422 
1423 
1424 
1425 
1426 
1427 
1428 
1429 
1430 
1431 
1432 
1433 
1434 
1435 
1436 
1437 
1438 
1439 
1440 
1441 
1442 
1443 
1444 
1445 
1446 
1447 
1448 
1449 
1450 
1451 
1452 
1453 
1454 
1455 
1456 
1457 
1458 
1459 
1460 
1461 
1462 
1463 
1464 
1465 
1466 
1467 
1468 
1469 
1470 
1471 
1472 
1473 
1474 
1475 
1476 
1477 
1478 
1479 
1480 
1481 
1482 
1483 
1484 
1485 
1486 
1487 
1488 
1489 
1490 
1491 
1492 
1493 
1494 
1495 
1496 
1497 
1498 
1499 
1500 
1501 
1502 
1503 
1504 
1505 
1506 
1507 
1508 
1509 
1510 
1511 
1512 
1513 
1514 
1515 
1516 
1517 
1518 
1519 
1520 
1521 
1522 
1523 
1524 
1525 
1526 
1527 
1528 
1529 
1530 
1531 
1532 
1533 
1534 
1535 
1536 
1537 
1538 
1539 
1540 
1541 
1542 
1543 
1544 
1545 
1546 
1547 
1548 
1549 
1550 
1551 
1552 
1553 
1554 
1555 
1556 
1557 
1558 
1559 
1560 
1561 
1562 
1563 
1564 
1565 
1566 
1567 
1568 
1569 
1570 
1571 
1572 
1573 
1574 
1575 
1576 
1577 
1578 
1579 
1580 
1581 
1582 
1583 
1584 
1585 
1586 
1587 
1588 
1589 
1590 
1591 
1592 
1593 
1594 
1595 
1596 
1597 
1598 
1599 
1600 
1601 
1602 
1603 
1604 
1605 
1606 
1607 
1608 
1609 
1610 
1611 
1612 
1613 
1614 
1615 
1616 
1617 
1618 
1619 
1620 
1621 
1622 
1623 
1624 
1625 
1626 
1627 
1628 
1629 
1630 
1631 
1632 
1633 
1634 
1635 
1636 
1637 
1638 
1639 
1640 
1641 
1642 
1643 
1644 
1645 
1646 
1647 
1648 
1649 
1650 
1651 
1652 
1653 
1654 
1655 
1656 
1657 
1658 
1659 
1660 
1661 
1662 
1663 
1664 
1665 
1666 
1667 
1668 
1669 
1670 
1671 
1672 
1673 
1674 
1675 
1676 
1677 
1678 
1679 
1680 
1681 
1682 
1683 
1684 
1685 
1686 
1687 
1688 
1689 
1690 
1691 
1692 
1693 
1694 
1695 
1696 
1697 
1698 
1699 
1700 
1701 
1702 
1703 
1704 
1705 
1706 
1707 
1708 
1709 
1710 
1711 
1712 
1713 
1714 
1715 
1716 
1717 
1718 
1719 
1720 
1721 
1722 
1723 
1724 
1725 
1726 
1727 
1728 
1729 
1730 
1731 
1732 
1733 
1734 
1735 
1736 
1737 
1738 
1739 
1740 
1741 
1742 
1743 
1744 
1745 
1746 
1747 
1748 
1749 
1750 
1751 
1752 
1753 
1754 
1755 
1756 
1757 
1758 
1759 
1760 
1761 
1762 
1763 
1764 
1765 
1766 
1767 
1768 
1769 
1770 
1771 
1772 
1773 
1774 
1775 
1776 
1777 
1778 
1779 
1780 
1781 
1782 
1783 
1784 
1785 
1786 
1787 
1788 
1789 
1790 
1791 
1792 
1793 
1794 
1795 
1796 
1797 
1798 
1799 
1800 
1801 
1802 
1803 
1804 
1805 
1806 
1807 
1808 
1809 
1810 
1811 
1812 
1813 
1814 
1815 
1816 
1817 
1818 
1819 
1820 
1821 
1822 
1823 
1824 
1825 
1826 
1827 
1828 
1829 
1830 
1831 
1832 
1833 
1834 
1835 
1836 
1837 
1838 
1839 
1840 
1841 
1842 
1843 
1844 
1845 
1846 
1847 
1848 
1849 
1850 
1851 
1852 
1853 
1854 
1855 
1856 
1857 
1858 
1859 
1860 
1861 
1862 
1863 
1864 
1865 
1866 
1867 
1868 
1869 
1870 
1871 
1872 
1873 
1874 
1875 
1876 
1877 
1878 
1879 
1880 
1881 
1882 
1883 
1884 
1885 
1886 
1887 
1888 
1889 
1890 
1891 
1892 
1893 
1894 
1895 
1896 
1897 
1898 
1899 
1900 
1901 
1902 
1903 
1904 
1905 
1906 
1907 
1908 
1909 
1910 
1911 
1912 
1913 
1914 
1915 
1916 
1917 
1918 
1919 
1920 
1921 
1922 
1923 
1924 
1925 
1926 
1927 
1928 
1929 
1930 
1931 
1932 
1933 
1934 
1935 
1936 
1937 
1938 
1939 
1940 
1941 
1942 
1943 
1944 
1945 
1946 
1947 
1948 
1949 
1950 
1951 
1952 
1953 
1954 
1955 
1956 
1957 
1958 
1959 
1960 
1961 
1962 
1963 
1964 
1965 
1966 
1967 
1968 
1969 
1970 
1971 
1972 
1973 
1974 
1975 
1976 
1977 
1978 
1979 
1980 
1981 
1982 
1983 
1984 
1985 
1986 
1987 
1988 
1989 
1990 
1991 
1992 
1993 
1994 
1995 
1996 
1997 
1998 
1999 
2000 
2001 
2002 
2003 
2004 
2005 
2006 
2007 
2008 
2009 
2010 
2011 
2012 
2013 
2014 
2015 
2016 
2017 
2018 
2019 
2020 
2021 
2022 
2023 
2024 
2025 
2026 
2027 
2028 
2029 
2030 
2031 
2032 
2033 
2034 
2035 
2036 
2037 
2038 
2039 
2040 
2041 
2042 
2043 
2044 
2045 
2046 
2047 
2048 
2049 
2050 
2051 
2052 
2053 
2054 
2055 
2056 
2057 
2058 
2059 
2060 
2061 
2062 
2063 
2064 
2065 
2066 
2067 
2068 
2069 
2070 
2071 
2072 
2073 
2074 
2075 
2076 
2077 
2078 
2079 
2080 
2081 
2082 
2083 
2084 
2085 
2086 
2087 
2088 
2089 
2090 
2091 
2092 
2093 
2094 
2095 
2096 
2097 
2098 
2099 
2100 
2101 
2102 
2103 
2104 
2105 
2106 
2107 
2108 
2109 
2110 
2111 
2112 
2113 
2114 
2115 
2116 
2117 
2118 
2119 
2120 
2121 
2122 
2123 
2124 
2125 
2126 
2127 
2128 
2129 
2130 
2131 
2132 
2133 
2134 
2135 
2136 
2137 
2138 
2139 
2140 
2141 
2142 
2143 
2144 
2145 
2146 
2147 
2148 
2149 
2150 
2151 
2152 
2153 
2154 
2155 
2156 
2157 
2158 
2159 
2160 
2161 
2162 
2163 
2164 
2165 
2166 
2167 
2168 
2169 
2170 
2171 
2172 
2173 
2174 
2175 
2176 
2177 
2178 
2179 
2180 
2181 
2182 
2183 
2184 
2185 
2186 
2187 
2188 
2189 
2190 
2191 
2192 
2193 
2194 
2195 
2196 
2197 
2198 
2199 
2200 
2201 
2202 
2203 
2204 
2205 
2206 
2207 
10400 
2208 
10401 
2209 
10402 
2210 
10403 
2211 
10404 
2212 
10405 
2213 
10406 
2214 
10407 
2215 
10408 
2216 
10409 
2217 
10410 
2218 
10411 
2219 
10412 
2220 
10413 
2221 
10414 
2222 
10415 
2223 
10416 
2224 
10417 
2225 
10418 
2226 
10419 
2227 
10420 
2228 
10421 
2229 
10422 
2230 
10423 
2231 
10424 
2232 
10425 
2233 
10426 
2234 
10427 
2235 
10428 
2236 
10429 
2237 
10430 
2238 
10431 
2239 
10432 
2240 
10433 
2241 
10434 
2242 
10435 
2243 
10436 
2244 
10437 
2245 
10438 
2246 
10439 
2247 
10440 
2248 
10441 
2249 
10442 
2250 
10443 
2251 
10444 
2252 
10445 
2253 
10446 
2254 
10447 
2255 
10448 
2256 
10449 
2257 
10450 
2258 
10451 
2259 
10452 
2260 
10453 
2261 
10454 
2262 
10455 
2263 
10456 
2264 
10457 
2265 
10458 
2266 
10459 
2267 
10460 
2268 
10461 
2269 
10462 
2270 
10463 
2271 
10464 
2272 
10465 
2273 
10466 
2274 
10467 
2275 
10468 
2276 
10469 
2277 
10470 
2278 
10471 
2279 
10472 
2280 
10473 
2281 
10474 
2282 
10475 
2283 
10476 
2284 
10477 
2285 
10478 
2286 
10479 
2287 
10480 
2288 
10481 
2289 
10482 
2290 
10483 
2291 
10484 
2292 
10485 
2293 
10486 
2294 
10487 
2295 
10488 
2296 
10489 
2297 
10490 
2298 
10491 
2299 
10492 
2300 
10493 
2301 
10494 
2302 
10495 
2303 
10496 
2304 
10497 
2305 
10498 
2306 
10499 
2307 
10500 
2308 
10501 
2309 
10502 
2310 
10503 
2311 
10504 
2312 
10505 
2313 
10506 
2314 
10507 
2315 
10508 
2316 
10509 
2317 
10510 
2318 
10511 
2319 
10512 
10513 
10514 
10515 
10516 
10517 
10518 
10519 
10520 
10521 
10522 
10523 
10524 
10525 
10526 
10527 
10528 
10529 
10530 
10531 
10532 
10533 
10534 
10535 
10536 
10537 
10538 
10539 
10540 
10541 
10542 
10543 
10544 
10545 
10546 
10547 
10548 
10549 
10550 
10551 
10552 
10553 
10554 
10555 
10556 
10557 
10558 
10559 
6720 
6721 
6722 
6723 
6724 
6725 
6726 
6727 
6728 
6729 
6730 
6731 
6732 
6733 
6734 
6735 
6736 
6737 
6738 
6739 
6740 
6741 
6742 
6743 
6744 
6745 
6746 
6747 
6748 
6749 
6750 
6751 
6752 
6753 
6754 
6755 
6756 
6757 
6758 
6759 
6760 
6761 
6762 
6763 
6764 
6765 
6766 
6767 
14960 
6768 
14961 
6769 
14962 
6770 
14963 
6771 
14964 
6772 
14965 
6773 
14966 
6774 
14967 
6775 
14968 
6776 
14969 
6777 
14970 
6778 
14971 
6779 
14972 
6780 
14973 
6781 
14974 
6782 
14975 
6783 
14976 
6784 
14977 
6785 
14978 
6786 
14979 
6787 
14980 
6788 
14981 
6789 
14982 
6790 
14983 
6791 
14984 
6792 
14985 
6793 
14986 
6794 
14987 
6795 
14988 
6796 
14989 
6797 
14990 
6798 
14991 
6799 
14992 
6800 
14993 
6801 
14994 
6802 
14995 
6803 
14996 
6804 
14997 
6805 
14998 
6806 
14999 
6807 
15000 
6808 
15001 
6809 
15002 
6810 
15003 
6811 
15004 
6812 
15005 
6813 
15006 
6814 
15007 
6815 
15008 
6816 
15009 
6817 
15010 
6818 
15011 
6819 
15012 
6820 
15013 
6821 
15014 
6822 
15015 
6823 
15016 
6824 
15017 
6825 
15018 
6826 
15019 
6827 
15020 
6828 
15021 
6829 
15022 
6830 
15023 
6831 
15024 
6832 
15025 
6833 
15026 
6834 
15027 
6835 
15028 
6836 
15029 
6837 
15030 
6838 
15031 
6839 
15032 
6840 
15033 
6841 
15034 
6842 
15035 
6843 
15036 
6844 
15037 
6845 
15038 
6846 
15039 
6847 
15040 
6848 
15041 
6849 
15042 
6850 
15043 
6851 
15044 
6852 
15045 
6853 
15046 
6854 
15047 
6855 
15048 
6856 
15049 
6857 
15050 
6858 
15051 
6859 
15052 
6860 
15053 
6861 
15054 
6862 
15055 
6863 
15056 
6864 
15057 
6865 
15058 
6866 
15059 
6867 
15060 
6868 
15061 
6869 
15062 
6870 
15063 
6871 
15064 
6872 
15065 
6873 
15066 
6874 
15067 
6875 
15068 
6876 
15069 
6877 
15070 
6878 
15071 
6879 
15072 
15073 
15074 
15075 
15076 
15077 
15078 
15079 
15080 
15081 
15082 
15083 
15084 
15085 
15086 
15087 
15088 
15089 
15090 
15091 
15092 
15093 
15094 
15095 
15096 
15097 
15098 
15099 
15100 
15101 
15102 
15103 
15104 
15105 
15106 
15107 
15108 
15109 
15110 
15111 
15112 
15113 
15114 
15115 
15116 
15117 
15118 
15119 
15120 
15121 
15122 
15123 
15124 
15125 
15126 
15127 
15128 
15129 
15130 
15131 
15132 
15133 
15134 
15135 
15136 
15137 
15138 
15139 
15140 
15141 
15142 
15143 
15144 
15145 
15146 
15147 
15148 
15149 
15150 
15151 
15152 
15153 
15154 
15155 
15156 
15157 
15158 
15159 
15160 
15161 
15162 
15163 
15164 
15165 
15166 
15167 
15168 
15169 
15170 
15171 
15172 
15173 
15174 
15175 
15176 
15177 
15178 
15179 
15180 
15181 
15182 
15183 
15184 
15185 
15186 
15187 
15188 
15189 
15190 
15191 
15192 
15193 
15194 
15195 
15196 
15197 
15198 
15199 
15200 
15201 
15202 
15203 
15204 
15205 
15206 
15207 
15208 
15209 
15210 
15211 
15212 
15213 
15214 
15215 
15216 
15217 
15218 
15219 
15220 
15221 
15222 
15223 
15224 
15225 
15226 
15227 
15228 
15229 
15230 
15231 
15232 
15233 
15234 
15235 
15236 
15237 
15238 
15239 
15240 
15241 
15242 
15243 
15244 
15245 
15246 
15247 
15248 
15249 
15250 
15251 
15252 
15253 
15254 
15255 
15256 
15257 
15258 
15259 
15260 
15261 
15262 
15263 
15264 
15265 
15266 
15267 
15268 
15269 
15270 
15271 
15272 
15273 
15274 
15275 
15276 
15277 
15278 
15279 
15280 
15281 
15282 
15283 
15284 
15285 
15286 
15287 
15288 
15289 
15290 
15291 
15292 
15293 
15294 
15295 
15296 
15297 
15298 
15299 
15300 
15301 
15302 
15303 
15304 
15305 
15306 
15307 
15308 
15309 
15310 
15311 
15312 
15313 
15314 
15315 
15316 
15317 
15318 
15319 
15320 
15321 
15322 
15323 
15324 
15325 
15326 
15327 
15328 
15329 
15330 
15331 
15332 
15333 
15334 
15335 
15336 
15337 
15338 
15339 
15340 
15341 
15342 
15343 
15344 
15345 
15346 
15347 
15348 
15349 
15350 
15351 
15352 
15353 
15354 
15355 
15356 
15357 
15358 
15359 
15360 
15361 
15362 
15363 
15364 
15365 
15366 
15367 
15368 
15369 
15370 
15371 
15372 
15373 
15374 
15375 
15376 
15377 
15378 
15379 
15380 
15381 
15382 
15383 
15384 
15385 
15386 
15387 
15388 
15389 
15390 
15391 
15392 
15393 
15394 
15395 
15396 
15397 
15398 
15399 
15400 
15401 
15402 
15403 
15404 
15405 
15406 
15407 
15408 
15409 
15410 
15411 
15412 
15413 
15414 
15415 
15416 
15417 
15418 
15419 
15420 
15421 
15422 
15423 
15424 
15425 
15426 
15427 
15428 
15429 
15430 
15431 
15432 
15433 
15434 
15435 
15436 
15437 
15438 
15439 
15440 
15441 
15442 
15443 
15444 
15445 
15446 
15447 
15448 
15449 
15450 
15451 
15452 
15453 
15454 
15455 
15456 
15457 
15458 
15459 
15460 
15461 
15462 
15463 
15464 
15465 
15466 
15467 
15468 
15469 
15470 
15471 
15472 
15473 
15474 
15475 
15476 
15477 
15478 
15479 
15480 
15481 
15482 
15483 
15484 
15485 
15486 
15487 
15488 
15489 
15490 
15491 
15492 
15493 
15494 
15495 
15496 
15497 
15498 
15499 
15500 
15501 
15502 
15503 
15504 
15505 
15506 
15507 
15508 
15509 
15510 
15511 
15512 
15513 
15514 
15515 
15516 
15517 
15518 
15519 
15520 
15521 
15522 
15523 
15524 
15525 
15526 
15527 
15528 
15529 
15530 
15531 
15532 
15533 
15534 
15535 
15536 
15537 
15538 
15539 
15540 
15541 
15542 
15543 
15544 
15545 
15546 
15547 
15548 
15549 
15550 
15551 
15552 
15553 
15554 
15555 
15556 
15557 
15558 
15559 
15560 
15561 
15562 
15563 
15564 
15565 
15566 
15567 
15568 
15569 
15570 
15571 
15572 
15573 
15574 
15575 
15576 
15577 
15578 
15579 
15580 
15581 
15582 
15583 
15584 
15585 
15586 
15587 
15588 
15589 
15590 
15591 
15592 
15593 
15594 
15595 
15596 
15597 
15598 
15599 
15600 
15601 
15602 
15603 
15604 
15605 
15606 
15607 
15608 
15609 
15610 
15611 
15612 
15613 
15614 
15615 
15616 
15617 
15618 
15619 
15620 
15621 
15622 
15623 
15624 
15625 
15626 
15627 
15628 
15629 
15630 
15631 
15632 
15633 
15634 
15635 
15636 
15637 
15638 
15639 
15640 
15641 
15642 
15643 
15644 
15645 
15646 
15647 
15648 
15649 
15650 
15651 
15652 
15653 
15654 
15655 
15656 
15657 
15658 
15659 
15660 
15661 
15662 
15663 
15664 
15665 
15666 
15667 
15668 
15669 
15670 
15671 
15672 
15673 
15674 
15675 
15676 
15677 
15678 
15679 
15680 
15681 
15682 
15683 
15684 
15685 
15686 
15687 
15688 
15689 
15690 
15691 
15692 
15693 
15694 
15695 
15696 
15697 
15698 
15699 
15700 
15701 
15702 
15703 
15704 
15705 
15706 
15707 
15708 
15709 
15710 
15711 
15712 
15713 
15714 
15715 
15716 
15717 
15718 
15719 
15720 
15721 
15722 
15723 
15724 
15725 
15726 
15727 
15728 
15729 
15730 
15731 
15732 
15733 
15734 
15735 
15736 
15737 
15738 
15739 
15740 
15741 
15742 
15743 
15744 
15745 
15746 
15747 
15748 
15749 
15750 
15751 
15752 
15753 
15754 
15755 
15756 
15757 
15758 
15759 
15760 
15761 
15762 
15763 
15764 
15765 
15766 
15767 
15768 
15769 
15770 
15771 
15772 
15773 
15774 
15775 
15776 
15777 
15778 
15779 
15780 
15781 
15782 
15783 
15784 
15785 
15786 
15787 
15788 
15789 
15790 
15791 
15792 
15793 
15794 
15795 
15796 
15797 
15798 
15799 
15800 
15801 
15802 
15803 
15804 
15805 
15806 
15807 
15808 
15809 
15810 
15811 
15812 
15813 
15814 
15815 
15816 
15817 
15818 
15819 
15820 
15821 
15822 
15823 
15824 
15825 
15826 
15827 
15828 
15829 
15830 
15831 
15832 
15833 
15834 
15835 
15836 
15837 
15838 
15839 
15840 
15841 
15842 
15843 
15844 
15845 
15846 
15847 
15848 
15849 
15850 
15851 
15852 
15853 
15854 
15855 
15856 
15857 
15858 
15859 
15860 
15861 
15862 
15863 
15864 
15865 
15866 
15867 
15868 
15869 
15870 
15871 
15872 
15873 
15874 
15875 
15876 
15877 
15878 
15879 
15880 
15881 
15882 
15883 
15884 
15885 
15886 
15887 
15888 
15889 
15890 
15891 
15892 
15893 
15894 
15895 
15896 
15897 
15898 
15899 
15900 
15901 
15902 
15903 
15904 
15905 
15906 
15907 
15908 
15909 
15910 
15911 
15912 
15913 
15914 
15915 
15916 
15917 
15918 
15919 
15920 
15921 
15922 
15923 
15924 
15925 
15926 
15927 
15928 
15929 
15930 
15931 
15932 
15933 
15934 
15935 
15936 
15937 
15938 
15939 
15940 
15941 
15942 
15943 
15944 
15945 
15946 
15947 
15948 
15949 
15950 
15951 
15952 
15953 
15954 
15955 
15956 
15957 
15958 
15959 
15960 
15961 
15962 
15963 
15964 
15965 
15966 
15967 
15968 
15969 
15970 
15971 
15972 
15973 
15974 
15975 
15976 
15977 
15978 
15979 
15980 
15981 
15982 
15983 
15984 
15985 
15986 
15987 
15988 
15989 
15990 
15991 
15992 
15993 
15994 
15995 
15996 
15997 
15998 
15999 
16000 
16001 
16002 
16003 
16004 
16005 
16006 
16007 
16008 
16009 
16010 
16011 
16012 
16013 
16014 
16015 
16016 
16017 
16018 
16019 
16020 
16021 
16022 
16023 
16024 
16025 
16026 
16027 
16028 
16029 
16030 
16031 
16032 
16033 
16034 
16035 
16036 
16037 
16038 
16039 
16040 
16041 
16042 
16043 
16044 
16045 
16046 
16047 
16048 
16049 
16050 
16051 
16052 
16053 
16054 
16055 
16056 
16057 
16058 
16059 
16060 
16061 
16062 
16063 
16064 
16065 
16066 
16067 
16068 
16069 
16070 
16071 
16072 
16073 
16074 
16075 
16076 
16077 
16078 
16079 
16080 
16081 
16082 
16083 
16084 
16085 
16086 
16087 
16088 
16089 
16090 
16091 
16092 
16093 
16094 
16095 
16096 
16097 
16098 
16099 
16100 
16101 
16102 
16103 
16104 
16105 
16106 
16107 
16108 
16109 
16110 
16111 
16112 
16113 
16114 
16115 
16116 
16117 
16118 
16119 
16120 
16121 
16122 
16123 
16124 
16125 
16126 
16127 
16128 
16129 
16130 
16131 
16132 
16133 
16134 
16135 
16136 
16137 
16138 
16139 
16140 
16141 
16142 
16143 
16144 
16145 
16146 
16147 
16148 
16149 
16150 
16151 
16152 
16153 
16154 
16155 
16156 
16157 
16158 
16159 
16160 
16161 
16162 
16163 
16164 
16165 
16166 
16167 
16168 
16169 
16170 
16171 
16172 
16173 
16174 
16175 
16176 
16177 
16178 
16179 
16180 
16181 
16182 
16183 
16184 
16185 
16186 
16187 
16188 
16189 
16190 
16191 
16192 
16193 
16194 
16195 
16196 
16197 
16198 
16199 
16200 
16201 
16202 
16203 
16204 
16205 
16206 
16207 
16208 
16209 
16210 
16211 
16212 
16213 
16214 
16215 
16216 
16217 
16218 
16219 
16220 
16221 
16222 
16223 
16224 
16225 
16226 
16227 
16228 
16229 
16230 
16231 
16232 
16233 
16234 
16235 
16236 
16237 
16238 
16239 
16240 
16241 
16242 
16243 
16244 
16245 
16246 
16247 
16248 
16249 
16250 
16251 
16252 
16253 
16254 
16255 
16256 
16257 
16258 
16259 
16260 
16261 
16262 
16263 
16264 
16265 
16266 
16267 
16268 
16269 
16270 
16271 
16272 
16273 
16274 
16275 
16276 
16277 
16278 
16279 
16280 
16281 
16282 
16283 
16284 
16285 
16286 
16287 
16288 
16289 
16290 
16291 
16292 
16293 
16294 
16295 
16296 
16297 
16298 
16299 
16300 
16301 
16302 
16303 
16304 
16305 
16306 
16307 
16308 
16309 
16310 
16311 
16312 
16313 
16314 
16315 
16316 
16317 
16318 
16319 
16320 
16321 
16322 
16323 
16324 
16325 
16326 
16327 
16328 
16329 
16330 
16331 
16332 
16333 
16334 
16335 
16336 
16337 
16338 
16339 
16340 
16341 
16342 
16343 
16344 
16345 
16346 
16347 
16348 
16349 
16350 
16351 
16352 
16353 
16354 
16355 
16356 
16357 
16358 
16359 
16360 
16361 
16362 
16363 
16364 
16365 
16366 
16367 
16368 
16369 
16370 
16371 
16372 
16373 
16374 
16375 
16376 
16377 
16378 
16379 
16380 
16381 
16382 
16383 
)

// ************************************************************************* //
