/*--------------------------------*- C++ -*----------------------------------*\
| =========                 |                                                 |
| \\      /  F ield         | foam-extend: Open Source CFD                    |
|  \\    /   O peration     | Version:     4.1                                |
|   \\  /    A nd           | Web:         http://www.foam-extend.org         |
|    \\/     M anipulation  |                                                 |
\*---------------------------------------------------------------------------*/
FoamFile
{
    version     2.0;
    format      ascii;
    class       faceSet;
    location    "constant/polyMesh/sets";
    object      topZone;
}
// * * * * * * * * * * * * * * * * * * * * * * * * * * * * * * * * * * * * * //


200
(
16384 
16385 
16386 
16387 
16388 
16389 
16390 
16391 
16392 
16393 
16394 
16395 
16396 
16397 
16398 
16399 
16400 
16401 
16402 
16403 
16404 
16405 
16406 
16407 
16408 
16409 
16410 
16411 
16412 
16413 
16414 
16415 
16416 
16417 
16418 
16419 
16420 
16421 
16422 
16423 
16424 
16425 
16426 
16427 
16428 
16429 
16430 
16431 
16432 
16433 
16434 
16435 
16436 
16437 
16438 
16439 
16440 
16241 
16242 
16243 
16244 
16245 
16246 
16247 
16248 
16249 
16250 
16251 
16252 
16253 
16254 
16255 
16256 
16257 
16258 
16259 
16260 
16261 
16262 
16263 
16264 
16265 
16266 
16267 
16268 
16269 
16270 
16271 
16272 
16273 
16274 
16275 
16276 
16277 
16278 
16279 
16280 
16281 
16282 
16283 
16284 
16285 
16286 
16287 
16288 
16289 
16290 
16291 
16292 
16293 
16294 
16295 
16296 
16297 
16298 
16299 
16300 
16301 
16302 
16303 
16304 
16305 
16306 
16307 
16308 
16309 
16310 
16311 
16312 
16313 
16314 
16315 
16316 
16317 
16318 
16319 
16320 
16321 
16322 
16323 
16324 
16325 
16326 
16327 
16328 
16329 
16330 
16331 
16332 
16333 
16334 
16335 
16336 
16337 
16338 
16339 
16340 
16341 
16342 
16343 
16344 
16345 
16346 
16347 
16348 
16349 
16350 
16351 
16352 
16353 
16354 
16355 
16356 
16357 
16358 
16359 
16360 
16361 
16362 
16363 
16364 
16365 
16366 
16367 
16368 
16369 
16370 
16371 
16372 
16373 
16374 
16375 
16376 
16377 
16378 
16379 
16380 
16381 
16382 
16383 
)

// ************************************************************************* //
