/*--------------------------------*- C++ -*----------------------------------*\
| =========                 |                                                 |
| \\      /  F ield         | foam-extend: Open Source CFD                    |
|  \\    /   O peration     | Version:     4.0                                |
|   \\  /    A nd           | Web:         http://www.foam-extend.org         |
|    \\/     M anipulation  |                                                 |
\*---------------------------------------------------------------------------*/
FoamFile
{
    version     2.0;
    format      ascii;
    class       volScalarField;
    location    "0";
    object      curvature;
}
// * * * * * * * * * * * * * * * * * * * * * * * * * * * * * * * * * * * * * //

dimensions      [0 -1 0 0 0 0 0];

internalField   uniform 0;

boundaryField
{
    space
    {
        type            calculated;
        value           uniform 0;
    }
    interface
    {
        type            calculated;
        value           nonuniform List<scalar> 
3750
(
4000.000149269667
3999.99998582304
4000.000026286151
4000.00006829581
3999.999960618585
4000.000083534074
4000.000052192647
3999.999899334078
3999.99999751661
4000.000115648698
4000.000059844667
4000.000037613298
4000.000092765759
4000.000037613297
4000.000059844664
4000.000115648698
3999.999997516622
3999.999899334075
4000.000052192647
4000.000083534077
3999.999960618574
4000.000068295811
4000.00002628615
3999.999985823048
4000.000149269673
3999.999986334771
4000.000015952072
3999.999980438732
4000.000023368731
3999.999965212608
3999.999982412389
4000.000057350177
3999.999981083006
3999.999972915245
4000.000019258952
4000.000046222086
3999.999993114274
3999.999927913316
3999.999993114274
4000.000046222088
4000.00001925895
3999.999972915243
3999.99998108301
4000.000057350173
3999.999982412398
3999.999965212608
4000.000023368731
3999.999980438732
4000.000015952072
3999.999986334772
4000.000006372608
3999.999989739637
3999.999944826872
3999.999987029826
3999.999998311389
4000.000000877582
4000.000042784192
4000.000020507315
3999.999951111091
3999.999943354193
4000.000014213666
4000.000005522048
3999.999908978157
4000.000005522045
4000.000014213668
3999.999943354187
3999.999951111088
4000.000020507316
4000.000042784188
4000.000000877583
3999.999998311394
3999.999987029823
3999.999944826875
3999.999989739631
4000.000006372612
4000.000024335661
4000.000048816734
4000.000008039412
4000.000001639263
3999.999997792737
3999.999944767064
3999.999946562207
3999.999976750278
3999.999969432393
3999.999970237718
3999.999998521619
4000.000017605373
3999.999981522828
4000.000017605377
3999.999998521622
3999.999970237715
3999.999969432394
3999.99997675028
3999.999946562212
3999.999944767069
3999.999997792737
4000.000001639252
4000.000008039413
4000.000048816729
4000.000024335667
3999.999996785342
4000.000013097596
4000.000052819519
3999.9999982104
3999.999952002719
3999.999983668801
3999.999980986581
4000.000017874461
4000.000024290159
4000.000018507194
4000.000017004468
3999.999976967038
3999.999966809428
3999.999976967037
4000.00001700447
4000.000018507189
4000.000024290154
4000.000017874461
3999.999980986582
3999.999983668802
3999.999952002716
3999.999998210406
4000.000052819523
4000.000013097595
3999.999996785355
4000.000156452695
4000.000034967111
3999.999994992202
3999.99999114268
3999.999938159327
4000.000017621585
4000.000014370936
4000.000021536574
4000.000002595346
3999.999982339758
4000.000009965894
3999.999982684399
4000.000007430651
3999.999982684398
4000.000009965897
3999.999982339763
4000.000002595341
4000.000021536573
4000.000014370929
4000.000017621578
3999.999938159328
3999.999991142679
3999.999994992198
4000.000034967111
4000.000156452684
4000.000006324037
3999.999962598542
3999.999945812726
4000.000005204011
4000.000010012021
3999.99999877239
3999.999996303507
3999.999999265054
3999.999976116993
3999.999979260357
3999.999993940166
4000.000005285234
4000.000055380265
4000.000005285234
3999.999993940165
3999.999979260354
3999.999976116998
3999.999999265064
3999.999996303505
3999.99999877239
4000.000010012025
4000.000005204013
3999.99994581273
3999.999962598538
4000.000006324033
3999.999922945553
3999.999964911277
4000.000009579902
4000.000027596963
4000.000040901783
4000.000001869456
4000.000008152236
4000.000012247664
3999.999983354671
4000.000021983073
3999.999987601959
3999.999955012593
3999.999965646
3999.999955012596
3999.99998760196
4000.000021983074
3999.999983354672
4000.000012247669
4000.000008152236
4000.000001869455
4000.000040901783
4000.000027596958
4000.00000957991
3999.999964911274
3999.99992294556
4000.000032896548
4000.000023497704
4000.000041990579
4000.000043419997
3999.999978129903
3999.999937754861
3999.999950404588
3999.999999619534
4000.000020910208
4000.000031632329
4000.000002243238
3999.9999780281
3999.999966092324
3999.999978028101
4000.00000224324
4000.000031632329
4000.000020910206
3999.999999619529
3999.999950404588
3999.999937754863
3999.999978129895
4000.000043420001
4000.000041990572
4000.000023497707
4000.000032896549
4000.000100414187
3999.999998377991
3999.999949786095
3999.999995198791
3999.999982762342
3999.999953605201
3999.999961895463
3999.999988621642
3999.999988102038
3999.999986895793
4000.000036029765
4000.000040173546
4000.000027120188
4000.000040173546
4000.000036029767
3999.999986895789
3999.999988102035
3999.99998862164
3999.999961895464
3999.999953605204
3999.999982762341
3999.99999519879
3999.999949786099
3999.99999837799
4000.000100414185
4000.000049410236
4000.000019507866
3999.999960057571
3999.999981023248
4000.000012252523
3999.999984337949
4000.000020097621
3999.999981512288
3999.999940599253
3999.999987043749
4000.000007829211
3999.999975427873
3999.999977996235
3999.999975427872
4000.000007829213
3999.999987043754
3999.999940599253
3999.999981512284
4000.000020097625
3999.999984337951
4000.000012252517
3999.999981023246
3999.999960057571
4000.000019507866
4000.000049410238
3999.999992505052
3999.999983997141
4000.000008663294
4000.000004731392
4000.000032289634
3999.999981050134
4000.000022940627
3999.999991104489
3999.999973088825
4000.000034997347
4000.0000130084
3999.999955234066
3999.999937827167
3999.999955234068
4000.0000130084
4000.000034997346
3999.999973088826
3999.999991104489
4000.000022940627
3999.999981050134
4000.000032289634
4000.000004731393
4000.000008663294
3999.999983997141
3999.999992505052
4000.000038960808
3999.999981447493
4000.000006818412
3999.999959861774
4000.00001471081
3999.999986952354
4000.000008437656
3999.999972838411
3999.999975507786
4000.000060921019
4000.000069746866
4000.000007304507
3999.999953340551
4000.000007304507
4000.000069746866
4000.000060921017
3999.999975507787
3999.999972838411
4000.000008437659
3999.999986952355
4000.00001471081
3999.99995986177
4000.000006818412
3999.999981447492
4000.000038960801
3999.999992505052
3999.999983997138
4000.000008663295
4000.0000047314
4000.000032289634
3999.999981050135
4000.000022940628
3999.99999110449
3999.999973088826
4000.000034997347
4000.0000130084
3999.999955234067
3999.999937827166
3999.999955234066
4000.0000130084
4000.000034997347
3999.999973088827
3999.99999110449
4000.000022940628
3999.999981050134
4000.000032289634
4000.000004731392
4000.000008663301
3999.999983997142
3999.999992505047
4000.00004941024
4000.000019507868
3999.999960057567
3999.999981023252
4000.000012252523
3999.99998433795
4000.000020097621
3999.999981512287
3999.999940599253
3999.999987043749
4000.000007829214
3999.999975427874
3999.999977996237
3999.999975427874
4000.000007829213
3999.999987043754
3999.999940599253
3999.999981512283
4000.000020097625
3999.999984337948
4000.000012252524
3999.999981023248
3999.999960057572
4000.000019507876
4000.000049410227
4000.000100414185
3999.999998377986
3999.9999497861
3999.999995198793
3999.999982762341
3999.999953605206
3999.999961895462
3999.999988621637
3999.999988102035
3999.99998689579
4000.000036029765
4000.000040173545
4000.000027120188
4000.000040173546
4000.000036029763
3999.99998689579
3999.999988102034
3999.999988621636
3999.999961895464
3999.999953605205
3999.999982762339
3999.999995198797
3999.9999497861
3999.999998377985
4000.000100414185
4000.000032896546
4000.000023497707
4000.000041990574
4000.000043420001
3999.999978129893
3999.999937754867
3999.999950404587
3999.999999619533
4000.000020910209
4000.000031632333
4000.000002243241
3999.999978028101
3999.999966092324
3999.9999780281
4000.000002243241
4000.000031632333
4000.000020910207
3999.99999961953
3999.99995040458
3999.999937754867
3999.999978129897
4000.000043419994
4000.000041990575
4000.000023497706
4000.000032896553
3999.999922945556
3999.999964911275
4000.000009579901
4000.000027596962
4000.000040901778
4000.00000186946
4000.000008152228
4000.000012247664
3999.999983354672
4000.000021983072
3999.999987601956
3999.999955012596
3999.999965645998
3999.999955012593
3999.999987601956
4000.000021983071
3999.999983354669
4000.000012247668
4000.000008152233
4000.00000186945
4000.000040901787
4000.000027596958
4000.000009579902
3999.999964911261
3999.999922945564
4000.000006324036
3999.999962598536
3999.999945812729
4000.000005204013
4000.000010012023
3999.999998772391
3999.999996303507
3999.999999265059
3999.999976116997
3999.99997926036
3999.999993940165
4000.000005285236
4000.000055380267
4000.000005285232
3999.999993940163
3999.999979260362
3999.999976116996
3999.999999265059
3999.999996303504
3999.999998772395
4000.000010012025
4000.000005204022
3999.999945812722
3999.999962598542
4000.000006324036
4000.000156452686
4000.000034967106
3999.999994992205
3999.99999114268
3999.999938159332
4000.000017621589
4000.000014370935
4000.000021536574
4000.000002595342
3999.999982339756
4000.000009965896
3999.999982684395
4000.00000743065
3999.9999826844
4000.0000099659
3999.999982339759
4000.00000259534
4000.000021536572
4000.000014370935
4000.000017621584
3999.999938159323
3999.999991142678
3999.999994992204
4000.000034967102
4000.000156452695
3999.999996785347
4000.000013097597
4000.000052819519
3999.999998210404
3999.999952002718
3999.999983668805
3999.999980986576
4000.000017874462
4000.000024290155
4000.000018507194
4000.000017004468
3999.999976967037
3999.999966809426
3999.999976967038
4000.00001700447
4000.000018507191
4000.000024290153
4000.000017874461
3999.999980986574
3999.999983668805
3999.999952002723
3999.999998210404
4000.000052819521
4000.000013097594
3999.999996785349
4000.000024335667
4000.00004881673
4000.000008039407
4000.000001639256
3999.999997792734
3999.999944767066
3999.999946562204
3999.999976750277
3999.9999694324
3999.999970237713
3999.999998521622
4000.000017605373
3999.999981522831
4000.000017605371
3999.999998521628
3999.999970237716
3999.999969432393
3999.99997675028
3999.999946562203
3999.999944767073
3999.99999779273
4000.000001639255
4000.000008039414
4000.000048816737
4000.000024335664
4000.000006372604
3999.999989739643
3999.999944826879
3999.999987029825
3999.999998311392
4000.000000877584
4000.000042784188
4000.000020507316
3999.99995111109
3999.999943354191
4000.000014213664
4000.000005522044
3999.99990897815
4000.000005522043
4000.000014213654
3999.999943354198
3999.999951111094
4000.000020507315
4000.000042784192
4000.000000877589
3999.999998311385
3999.999987029831
3999.999944826874
3999.999989739637
4000.000006372606
3999.999986334772
4000.000015952076
3999.99998043872
4000.000023368727
3999.999965212603
3999.999982412388
4000.000057350177
3999.999981083002
3999.999972915236
4000.000019258958
4000.000046222088
3999.999993114283
3999.999927913319
3999.999993114287
4000.00004622209
4000.000019258952
3999.999972915226
3999.999981083007
4000.000057350177
3999.999982412389
3999.99996521261
4000.000023368734
3999.999980438731
4000.000015952077
3999.999986334767
4000.000150472658
3999.999989462299
4000.000025122593
4000.000089464254
3999.999976992289
4000.000096948072
4000.000078593629
3999.999903965517
4000.000003004466
4000.00012175966
4000.000047441222
4000.000019968141
4000.000073549278
4000.000019968139
4000.00004744122
4000.000121759664
4000.000003004463
3999.999903965522
4000.000078593623
4000.000096948067
3999.999976992288
4000.000089464251
4000.000025122592
3999.999989462312
4000.000150472672
4000.000150472652
3999.999989462299
4000.000025122593
4000.000089464249
3999.99997699228
4000.000096948063
4000.000078593627
3999.999903965504
4000.000003004463
4000.000121759663
4000.000047441229
4000.000019968149
4000.000073549268
4000.000019968149
4000.000047441225
4000.00012175966
4000.000003004471
3999.999903965504
4000.000078593629
4000.000096948072
3999.999976992271
4000.000089464252
4000.000025122594
3999.999989462303
4000.000150472662
3999.999986334787
4000.000015952072
3999.999980438732
4000.000023368731
3999.999965212608
3999.999982412389
4000.000057350177
3999.999981083006
3999.999972915245
4000.000019258952
4000.000046222086
3999.999993114274
3999.999927913316
3999.999993114274
4000.000046222088
4000.00001925895
3999.999972915243
3999.99998108301
4000.000057350173
3999.999982412398
3999.999965212608
4000.000023368731
3999.999980438732
4000.000015952072
3999.999986334772
4000.000006372612
3999.999989739637
3999.999944826872
3999.999987029826
3999.999998311389
4000.000000877582
4000.000042784192
4000.000020507315
3999.999951111091
3999.999943354193
4000.000014213666
4000.000005522048
3999.999908978157
4000.000005522045
4000.000014213668
3999.999943354187
3999.999951111088
4000.000020507316
4000.000042784188
4000.000000877583
3999.999998311394
3999.999987029823
3999.999944826875
3999.999989739631
4000.000006372612
4000.000024335662
4000.000048816734
4000.000008039412
4000.000001639263
3999.999997792737
3999.999944767064
3999.999946562207
3999.999976750278
3999.999969432393
3999.999970237718
3999.999998521619
4000.000017605373
3999.999981522828
4000.000017605377
3999.999998521622
3999.999970237715
3999.999969432394
3999.99997675028
3999.999946562212
3999.999944767069
3999.999997792737
4000.000001639252
4000.000008039413
4000.000048816729
4000.000024335667
3999.999996785347
4000.000013097596
4000.000052819519
3999.9999982104
3999.999952002719
3999.999983668801
3999.999980986581
4000.000017874461
4000.000024290159
4000.000018507194
4000.000017004468
3999.999976967038
3999.999966809428
3999.999976967037
4000.00001700447
4000.000018507189
4000.000024290154
4000.000017874461
3999.999980986582
3999.999983668802
3999.999952002716
3999.999998210406
4000.000052819523
4000.000013097595
3999.999996785355
4000.000156452684
4000.000034967111
3999.999994992202
3999.99999114268
3999.999938159327
4000.000017621585
4000.000014370936
4000.000021536574
4000.000002595346
3999.999982339758
4000.000009965894
3999.999982684399
4000.000007430651
3999.999982684398
4000.000009965897
3999.999982339763
4000.000002595341
4000.000021536573
4000.000014370929
4000.000017621578
3999.999938159328
3999.999991142679
3999.999994992198
4000.000034967111
4000.000156452684
4000.000006324033
3999.999962598542
3999.999945812726
4000.000005204011
4000.000010012021
3999.99999877239
3999.999996303507
3999.999999265054
3999.999976116993
3999.999979260357
3999.999993940166
4000.000005285234
4000.000055380265
4000.000005285234
3999.999993940165
3999.999979260354
3999.999976116998
3999.999999265064
3999.999996303505
3999.99999877239
4000.000010012025
4000.000005204013
3999.99994581273
3999.999962598538
4000.000006324033
3999.999922945558
3999.999964911277
4000.000009579902
4000.000027596963
4000.000040901783
4000.000001869456
4000.000008152236
4000.000012247664
3999.999983354671
4000.000021983073
3999.999987601959
3999.999955012593
3999.999965646
3999.999955012596
3999.99998760196
4000.000021983074
3999.999983354672
4000.000012247669
4000.000008152236
4000.000001869455
4000.000040901783
4000.000027596958
4000.00000957991
3999.999964911274
3999.99992294556
4000.00003289655
4000.000023497704
4000.000041990579
4000.000043419997
3999.999978129903
3999.999937754861
3999.999950404588
3999.999999619534
4000.000020910208
4000.000031632329
4000.000002243238
3999.9999780281
3999.999966092324
3999.999978028101
4000.00000224324
4000.000031632329
4000.000020910206
3999.999999619529
3999.999950404588
3999.999937754863
3999.999978129895
4000.000043420001
4000.000041990572
4000.000023497707
4000.000032896549
4000.000100414185
3999.999998377991
3999.999949786095
3999.999995198791
3999.999982762342
3999.999953605201
3999.999961895463
3999.999988621642
3999.999988102038
3999.999986895793
4000.000036029765
4000.000040173546
4000.000027120188
4000.000040173546
4000.000036029767
3999.999986895789
3999.999988102035
3999.99998862164
3999.999961895464
3999.999953605204
3999.999982762341
3999.99999519879
3999.999949786099
3999.99999837799
4000.000100414185
4000.000049410239
4000.000019507866
3999.999960057571
3999.999981023248
4000.000012252523
3999.999984337949
4000.000020097621
3999.999981512288
3999.999940599253
3999.999987043749
4000.000007829211
3999.999975427873
3999.999977996235
3999.999975427872
4000.000007829213
3999.999987043754
3999.999940599253
3999.999981512284
4000.000020097625
3999.999984337951
4000.000012252517
3999.999981023246
3999.999960057571
4000.000019507866
4000.000049410238
3999.999992505054
3999.999983997141
4000.000008663294
4000.000004731392
4000.000032289634
3999.999981050134
4000.000022940627
3999.999991104489
3999.999973088825
4000.000034997347
4000.0000130084
3999.999955234066
3999.999937827167
3999.999955234068
4000.0000130084
4000.000034997346
3999.999973088826
3999.999991104489
4000.000022940627
3999.999981050134
4000.000032289634
4000.000004731393
4000.000008663294
3999.999983997141
3999.999992505052
4000.000038960808
3999.999981447493
4000.000006818412
3999.999959861774
4000.00001471081
3999.999986952354
4000.000008437656
3999.999972838411
3999.999975507786
4000.000060921019
4000.000069746866
4000.000007304507
3999.999953340551
4000.000007304507
4000.000069746866
4000.000060921017
3999.999975507787
3999.999972838411
4000.000008437659
3999.999986952355
4000.00001471081
3999.99995986177
4000.000006818412
3999.999981447492
4000.000038960801
3999.999992505055
3999.999983997138
4000.000008663295
4000.0000047314
4000.000032289634
3999.999981050135
4000.000022940628
3999.99999110449
3999.999973088826
4000.000034997347
4000.0000130084
3999.999955234067
3999.999937827166
3999.999955234066
4000.0000130084
4000.000034997347
3999.999973088827
3999.99999110449
4000.000022940628
3999.999981050134
4000.000032289634
4000.000004731392
4000.000008663301
3999.999983997142
3999.999992505047
4000.000049410241
4000.000019507868
3999.999960057567
3999.999981023252
4000.000012252523
3999.99998433795
4000.000020097621
3999.999981512287
3999.999940599253
3999.999987043749
4000.000007829214
3999.999975427874
3999.999977996237
3999.999975427874
4000.000007829213
3999.999987043754
3999.999940599253
3999.999981512283
4000.000020097625
3999.999984337948
4000.000012252524
3999.999981023248
3999.999960057572
4000.000019507876
4000.000049410227
4000.000100414185
3999.999998377986
3999.9999497861
3999.999995198793
3999.999982762341
3999.999953605206
3999.999961895462
3999.999988621637
3999.999988102035
3999.99998689579
4000.000036029765
4000.000040173545
4000.000027120188
4000.000040173546
4000.000036029763
3999.99998689579
3999.999988102034
3999.999988621636
3999.999961895464
3999.999953605205
3999.999982762339
3999.999995198797
3999.9999497861
3999.999998377985
4000.000100414185
4000.000032896544
4000.000023497707
4000.000041990574
4000.000043420001
3999.999978129893
3999.999937754867
3999.999950404587
3999.999999619533
4000.000020910209
4000.000031632333
4000.000002243241
3999.999978028101
3999.999966092324
3999.9999780281
4000.000002243241
4000.000031632333
4000.000020910207
3999.99999961953
3999.99995040458
3999.999937754867
3999.999978129897
4000.000043419994
4000.000041990575
4000.000023497706
4000.000032896553
3999.999922945566
3999.999964911275
4000.000009579901
4000.000027596962
4000.000040901778
4000.00000186946
4000.000008152228
4000.000012247664
3999.999983354672
4000.000021983072
3999.999987601956
3999.999955012596
3999.999965645998
3999.999955012593
3999.999987601956
4000.000021983071
3999.999983354669
4000.000012247668
4000.000008152233
4000.00000186945
4000.000040901787
4000.000027596958
4000.000009579902
3999.999964911261
3999.999922945564
4000.000006324039
3999.999962598536
3999.999945812729
4000.000005204013
4000.000010012023
3999.999998772391
3999.999996303507
3999.999999265059
3999.999976116997
3999.99997926036
3999.999993940165
4000.000005285236
4000.000055380267
4000.000005285232
3999.999993940163
3999.999979260362
3999.999976116996
3999.999999265059
3999.999996303504
3999.999998772395
4000.000010012025
4000.000005204022
3999.999945812722
3999.999962598542
4000.000006324036
4000.000156452687
4000.000034967106
3999.999994992205
3999.99999114268
3999.999938159332
4000.000017621589
4000.000014370935
4000.000021536574
4000.000002595342
3999.999982339756
4000.000009965896
3999.999982684395
4000.00000743065
3999.9999826844
4000.0000099659
3999.999982339759
4000.00000259534
4000.000021536572
4000.000014370935
4000.000017621584
3999.999938159323
3999.999991142678
3999.999994992204
4000.000034967102
4000.000156452695
3999.99999678535
4000.000013097597
4000.000052819519
3999.999998210404
3999.999952002718
3999.999983668805
3999.999980986576
4000.000017874462
4000.000024290155
4000.000018507194
4000.000017004468
3999.999976967037
3999.999966809426
3999.999976967038
4000.00001700447
4000.000018507191
4000.000024290153
4000.000017874461
3999.999980986574
3999.999983668805
3999.999952002723
3999.999998210404
4000.000052819521
4000.000013097594
3999.999996785349
4000.000024335668
4000.00004881673
4000.000008039407
4000.000001639256
3999.999997792734
3999.999944767066
3999.999946562204
3999.999976750277
3999.9999694324
3999.999970237713
3999.999998521622
4000.000017605373
3999.999981522831
4000.000017605371
3999.999998521628
3999.999970237716
3999.999969432393
3999.99997675028
3999.999946562203
3999.999944767073
3999.99999779273
4000.000001639255
4000.000008039414
4000.000048816737
4000.000024335664
4000.000006372607
3999.999989739643
3999.999944826879
3999.999987029825
3999.999998311392
4000.000000877584
4000.000042784188
4000.000020507316
3999.99995111109
3999.999943354191
4000.000014213664
4000.000005522044
3999.99990897815
4000.000005522043
4000.000014213654
3999.999943354198
3999.999951111094
4000.000020507315
4000.000042784192
4000.000000877589
3999.999998311385
3999.999987029831
3999.999944826874
3999.999989739637
4000.000006372606
3999.999986334778
4000.000015952076
3999.99998043872
4000.000023368727
3999.999965212603
3999.999982412388
4000.000057350177
3999.999981083002
3999.999972915236
4000.000019258958
4000.000046222088
3999.999993114283
3999.999927913319
3999.999993114287
4000.00004622209
4000.000019258952
3999.999972915226
3999.999981083007
4000.000057350177
3999.999982412389
3999.99996521261
4000.000023368734
3999.999980438731
4000.000015952077
3999.999986334767
4000.000149269662
3999.999985823044
4000.000026286149
4000.000068295818
3999.999960618593
4000.000083534084
4000.000052192646
3999.999899334085
3999.999997516613
4000.000115648695
4000.000059844657
4000.000037613293
4000.000092765757
4000.000037613293
4000.000059844661
4000.000115648701
3999.999997516618
3999.999899334082
4000.000052192646
4000.000083534074
3999.999960618583
4000.000068295806
4000.00002628615
3999.999985823044
4000.000149269667
4000.000149269654
3999.99998582304
4000.000026286151
4000.00006829581
3999.999960618585
4000.000083534074
4000.000052192647
3999.999899334078
3999.99999751661
4000.000115648698
4000.000059844667
4000.000037613298
4000.000092765759
4000.000037613297
4000.000059844664
4000.000115648698
3999.999997516622
3999.999899334075
4000.000052192647
4000.000083534077
3999.999960618574
4000.000068295811
4000.00002628615
3999.999985823048
4000.000149269673
3999.999986334787
4000.000015952072
3999.999980438732
4000.000023368731
3999.999965212608
3999.999982412389
4000.000057350177
3999.999981083006
3999.999972915245
4000.000019258952
4000.000046222086
3999.999993114274
3999.999927913316
3999.999993114274
4000.000046222088
4000.00001925895
3999.999972915243
3999.99998108301
4000.000057350173
3999.999982412398
3999.999965212608
4000.000023368731
3999.999980438732
4000.000015952072
3999.999986334772
4000.000006372612
3999.999989739637
3999.999944826872
3999.999987029826
3999.999998311389
4000.000000877582
4000.000042784192
4000.000020507315
3999.999951111091
3999.999943354193
4000.000014213666
4000.000005522048
3999.999908978157
4000.000005522045
4000.000014213668
3999.999943354187
3999.999951111088
4000.000020507316
4000.000042784188
4000.000000877583
3999.999998311394
3999.999987029823
3999.999944826875
3999.999989739631
4000.000006372612
4000.000024335662
4000.000048816734
4000.000008039412
4000.000001639263
3999.999997792737
3999.999944767064
3999.999946562207
3999.999976750278
3999.999969432393
3999.999970237718
3999.999998521619
4000.000017605373
3999.999981522828
4000.000017605377
3999.999998521622
3999.999970237715
3999.999969432394
3999.99997675028
3999.999946562212
3999.999944767069
3999.999997792737
4000.000001639252
4000.000008039413
4000.000048816729
4000.000024335667
3999.999996785347
4000.000013097596
4000.000052819519
3999.9999982104
3999.999952002719
3999.999983668801
3999.999980986581
4000.000017874461
4000.000024290159
4000.000018507194
4000.000017004468
3999.999976967038
3999.999966809428
3999.999976967037
4000.00001700447
4000.000018507189
4000.000024290154
4000.000017874461
3999.999980986582
3999.999983668802
3999.999952002716
3999.999998210406
4000.000052819523
4000.000013097595
3999.999996785355
4000.000156452684
4000.000034967111
3999.999994992202
3999.99999114268
3999.999938159327
4000.000017621585
4000.000014370936
4000.000021536574
4000.000002595346
3999.999982339758
4000.000009965894
3999.999982684399
4000.000007430651
3999.999982684398
4000.000009965897
3999.999982339763
4000.000002595341
4000.000021536573
4000.000014370929
4000.000017621578
3999.999938159328
3999.999991142679
3999.999994992198
4000.000034967111
4000.000156452684
4000.000006324033
3999.999962598542
3999.999945812726
4000.000005204011
4000.000010012021
3999.99999877239
3999.999996303507
3999.999999265054
3999.999976116993
3999.999979260357
3999.999993940166
4000.000005285234
4000.000055380265
4000.000005285234
3999.999993940165
3999.999979260354
3999.999976116998
3999.999999265064
3999.999996303505
3999.99999877239
4000.000010012025
4000.000005204013
3999.99994581273
3999.999962598538
4000.000006324033
3999.999922945558
3999.999964911277
4000.000009579902
4000.000027596963
4000.000040901783
4000.000001869456
4000.000008152236
4000.000012247664
3999.999983354671
4000.000021983073
3999.999987601959
3999.999955012593
3999.999965646
3999.999955012596
3999.99998760196
4000.000021983074
3999.999983354672
4000.000012247669
4000.000008152236
4000.000001869455
4000.000040901783
4000.000027596958
4000.00000957991
3999.999964911274
3999.99992294556
4000.00003289655
4000.000023497704
4000.000041990579
4000.000043419997
3999.999978129903
3999.999937754861
3999.999950404588
3999.999999619534
4000.000020910208
4000.000031632329
4000.000002243238
3999.9999780281
3999.999966092324
3999.999978028101
4000.00000224324
4000.000031632329
4000.000020910206
3999.999999619529
3999.999950404588
3999.999937754863
3999.999978129895
4000.000043420001
4000.000041990572
4000.000023497707
4000.000032896549
4000.000100414185
3999.999998377991
3999.999949786095
3999.999995198791
3999.999982762342
3999.999953605201
3999.999961895463
3999.999988621642
3999.999988102038
3999.999986895793
4000.000036029765
4000.000040173546
4000.000027120188
4000.000040173546
4000.000036029767
3999.999986895789
3999.999988102035
3999.99998862164
3999.999961895464
3999.999953605204
3999.999982762341
3999.99999519879
3999.999949786099
3999.99999837799
4000.000100414185
4000.000049410239
4000.000019507866
3999.999960057571
3999.999981023248
4000.000012252523
3999.999984337949
4000.000020097621
3999.999981512288
3999.999940599253
3999.999987043749
4000.000007829211
3999.999975427873
3999.999977996235
3999.999975427872
4000.000007829213
3999.999987043754
3999.999940599253
3999.999981512284
4000.000020097625
3999.999984337951
4000.000012252517
3999.999981023246
3999.999960057571
4000.000019507866
4000.000049410238
3999.999992505054
3999.999983997141
4000.000008663294
4000.000004731392
4000.000032289634
3999.999981050134
4000.000022940627
3999.999991104489
3999.999973088825
4000.000034997347
4000.0000130084
3999.999955234066
3999.999937827167
3999.999955234068
4000.0000130084
4000.000034997346
3999.999973088826
3999.999991104489
4000.000022940627
3999.999981050134
4000.000032289634
4000.000004731393
4000.000008663294
3999.999983997141
3999.999992505052
4000.000038960808
3999.999981447493
4000.000006818412
3999.999959861774
4000.00001471081
3999.999986952354
4000.000008437656
3999.999972838411
3999.999975507786
4000.000060921019
4000.000069746866
4000.000007304507
3999.999953340551
4000.000007304507
4000.000069746866
4000.000060921017
3999.999975507787
3999.999972838411
4000.000008437659
3999.999986952355
4000.00001471081
3999.99995986177
4000.000006818412
3999.999981447492
4000.000038960801
3999.999992505055
3999.999983997138
4000.000008663295
4000.0000047314
4000.000032289634
3999.999981050135
4000.000022940628
3999.99999110449
3999.999973088826
4000.000034997347
4000.0000130084
3999.999955234067
3999.999937827166
3999.999955234066
4000.0000130084
4000.000034997347
3999.999973088827
3999.99999110449
4000.000022940628
3999.999981050134
4000.000032289634
4000.000004731392
4000.000008663301
3999.999983997142
3999.999992505047
4000.000049410241
4000.000019507868
3999.999960057567
3999.999981023252
4000.000012252523
3999.99998433795
4000.000020097621
3999.999981512287
3999.999940599253
3999.999987043749
4000.000007829214
3999.999975427874
3999.999977996237
3999.999975427874
4000.000007829213
3999.999987043754
3999.999940599253
3999.999981512283
4000.000020097625
3999.999984337948
4000.000012252524
3999.999981023248
3999.999960057572
4000.000019507876
4000.000049410227
4000.000100414185
3999.999998377986
3999.9999497861
3999.999995198793
3999.999982762341
3999.999953605206
3999.999961895462
3999.999988621637
3999.999988102035
3999.99998689579
4000.000036029765
4000.000040173545
4000.000027120188
4000.000040173546
4000.000036029763
3999.99998689579
3999.999988102034
3999.999988621636
3999.999961895464
3999.999953605205
3999.999982762339
3999.999995198797
3999.9999497861
3999.999998377985
4000.000100414185
4000.000032896544
4000.000023497707
4000.000041990574
4000.000043420001
3999.999978129893
3999.999937754867
3999.999950404587
3999.999999619533
4000.000020910209
4000.000031632333
4000.000002243241
3999.999978028101
3999.999966092324
3999.9999780281
4000.000002243241
4000.000031632333
4000.000020910207
3999.99999961953
3999.99995040458
3999.999937754867
3999.999978129897
4000.000043419994
4000.000041990575
4000.000023497706
4000.000032896553
3999.999922945566
3999.999964911275
4000.000009579901
4000.000027596962
4000.000040901778
4000.00000186946
4000.000008152228
4000.000012247664
3999.999983354672
4000.000021983072
3999.999987601956
3999.999955012596
3999.999965645998
3999.999955012593
3999.999987601956
4000.000021983071
3999.999983354669
4000.000012247668
4000.000008152233
4000.00000186945
4000.000040901787
4000.000027596958
4000.000009579902
3999.999964911261
3999.999922945564
4000.000006324039
3999.999962598536
3999.999945812729
4000.000005204013
4000.000010012023
3999.999998772391
3999.999996303507
3999.999999265059
3999.999976116997
3999.99997926036
3999.999993940165
4000.000005285236
4000.000055380267
4000.000005285232
3999.999993940163
3999.999979260362
3999.999976116996
3999.999999265059
3999.999996303504
3999.999998772395
4000.000010012025
4000.000005204022
3999.999945812722
3999.999962598542
4000.000006324036
4000.000156452687
4000.000034967106
3999.999994992205
3999.99999114268
3999.999938159332
4000.000017621589
4000.000014370935
4000.000021536574
4000.000002595342
3999.999982339756
4000.000009965896
3999.999982684395
4000.00000743065
3999.9999826844
4000.0000099659
3999.999982339759
4000.00000259534
4000.000021536572
4000.000014370935
4000.000017621584
3999.999938159323
3999.999991142678
3999.999994992204
4000.000034967102
4000.000156452695
3999.99999678535
4000.000013097597
4000.000052819519
3999.999998210404
3999.999952002718
3999.999983668805
3999.999980986576
4000.000017874462
4000.000024290155
4000.000018507194
4000.000017004468
3999.999976967037
3999.999966809426
3999.999976967038
4000.00001700447
4000.000018507191
4000.000024290153
4000.000017874461
3999.999980986574
3999.999983668805
3999.999952002723
3999.999998210404
4000.000052819521
4000.000013097594
3999.999996785349
4000.000024335668
4000.00004881673
4000.000008039407
4000.000001639256
3999.999997792734
3999.999944767066
3999.999946562204
3999.999976750277
3999.9999694324
3999.999970237713
3999.999998521622
4000.000017605373
3999.999981522831
4000.000017605371
3999.999998521628
3999.999970237716
3999.999969432393
3999.99997675028
3999.999946562203
3999.999944767073
3999.99999779273
4000.000001639255
4000.000008039414
4000.000048816737
4000.000024335664
4000.000006372607
3999.999989739643
3999.999944826879
3999.999987029825
3999.999998311392
4000.000000877584
4000.000042784188
4000.000020507316
3999.99995111109
3999.999943354191
4000.000014213664
4000.000005522044
3999.99990897815
4000.000005522043
4000.000014213654
3999.999943354198
3999.999951111094
4000.000020507315
4000.000042784192
4000.000000877589
3999.999998311385
3999.999987029831
3999.999944826874
3999.999989739637
4000.000006372606
3999.999986334778
4000.000015952076
3999.99998043872
4000.000023368727
3999.999965212603
3999.999982412388
4000.000057350177
3999.999981083002
3999.999972915236
4000.000019258958
4000.000046222088
3999.999993114283
3999.999927913319
3999.999993114287
4000.00004622209
4000.000019258952
3999.999972915226
3999.999981083007
4000.000057350177
3999.999982412389
3999.99996521261
4000.000023368734
3999.999980438731
4000.000015952077
3999.999986334767
4000.000150472667
3999.999989462299
4000.000025122593
4000.000089464254
3999.999976992289
4000.000096948072
4000.000078593629
3999.999903965517
4000.000003004466
4000.00012175966
4000.000047441222
4000.000019968141
4000.000073549278
4000.000019968139
4000.00004744122
4000.000121759664
4000.000003004463
3999.999903965522
4000.000078593623
4000.000096948067
3999.999976992288
4000.000089464251
4000.000025122592
3999.999989462312
4000.000150472672
4000.000150472652
3999.999989462299
4000.000025122593
4000.000089464249
3999.99997699228
4000.000096948063
4000.000078593627
3999.999903965504
4000.000003004463
4000.000121759663
4000.000047441229
4000.000019968149
4000.000073549268
4000.000019968149
4000.000047441225
4000.00012175966
4000.000003004471
3999.999903965504
4000.000078593629
4000.000096948072
3999.999976992271
4000.000089464252
4000.000025122594
3999.999989462303
4000.000150472665
3999.999986334787
4000.000015952072
3999.999980438732
4000.000023368731
3999.999965212608
3999.999982412389
4000.000057350177
3999.999981083006
3999.999972915245
4000.000019258952
4000.000046222086
3999.999993114274
3999.999927913316
3999.999993114274
4000.000046222088
4000.00001925895
3999.999972915243
3999.99998108301
4000.000057350173
3999.999982412398
3999.999965212608
4000.000023368731
3999.999980438732
4000.000015952072
3999.99998633478
4000.000006372612
3999.999989739637
3999.999944826872
3999.999987029826
3999.999998311389
4000.000000877582
4000.000042784192
4000.000020507315
3999.999951111091
3999.999943354193
4000.000014213666
4000.000005522048
3999.999908978157
4000.000005522045
4000.000014213668
3999.999943354187
3999.999951111088
4000.000020507316
4000.000042784188
4000.000000877583
3999.999998311394
3999.999987029823
3999.999944826875
3999.999989739631
4000.000006372615
4000.000024335662
4000.000048816734
4000.000008039412
4000.000001639263
3999.999997792737
3999.999944767064
3999.999946562207
3999.999976750278
3999.999969432393
3999.999970237718
3999.999998521619
4000.000017605373
3999.999981522828
4000.000017605377
3999.999998521622
3999.999970237715
3999.999969432394
3999.99997675028
3999.999946562212
3999.999944767069
3999.999997792737
4000.000001639252
4000.000008039413
4000.000048816729
4000.000024335668
3999.999996785347
4000.000013097596
4000.000052819519
3999.9999982104
3999.999952002719
3999.999983668801
3999.999980986581
4000.000017874461
4000.000024290159
4000.000018507194
4000.000017004468
3999.999976967038
3999.999966809428
3999.999976967037
4000.00001700447
4000.000018507189
4000.000024290154
4000.000017874461
3999.999980986582
3999.999983668802
3999.999952002716
3999.999998210406
4000.000052819523
4000.000013097595
3999.999996785352
4000.000156452684
4000.000034967111
3999.999994992202
3999.99999114268
3999.999938159327
4000.000017621585
4000.000014370936
4000.000021536574
4000.000002595346
3999.999982339758
4000.000009965894
3999.999982684399
4000.000007430651
3999.999982684398
4000.000009965897
3999.999982339763
4000.000002595341
4000.000021536573
4000.000014370929
4000.000017621578
3999.999938159328
3999.999991142679
3999.999994992198
4000.000034967111
4000.000156452685
4000.000006324033
3999.999962598542
3999.999945812726
4000.000005204011
4000.000010012021
3999.99999877239
3999.999996303507
3999.999999265054
3999.999976116993
3999.999979260357
3999.999993940166
4000.000005285234
4000.000055380265
4000.000005285234
3999.999993940165
3999.999979260354
3999.999976116998
3999.999999265064
3999.999996303505
3999.99999877239
4000.000010012025
4000.000005204013
3999.99994581273
3999.999962598538
4000.000006324033
3999.999922945558
3999.999964911277
4000.000009579902
4000.000027596963
4000.000040901783
4000.000001869456
4000.000008152236
4000.000012247664
3999.999983354671
4000.000021983073
3999.999987601959
3999.999955012593
3999.999965646
3999.999955012596
3999.99998760196
4000.000021983074
3999.999983354672
4000.000012247669
4000.000008152236
4000.000001869455
4000.000040901783
4000.000027596958
4000.00000957991
3999.999964911274
3999.999922945561
4000.00003289655
4000.000023497704
4000.000041990579
4000.000043419997
3999.999978129903
3999.999937754861
3999.999950404588
3999.999999619534
4000.000020910208
4000.000031632329
4000.000002243238
3999.9999780281
3999.999966092324
3999.999978028101
4000.00000224324
4000.000031632329
4000.000020910206
3999.999999619529
3999.999950404588
3999.999937754863
3999.999978129895
4000.000043420001
4000.000041990572
4000.000023497707
4000.000032896554
4000.000100414185
3999.999998377991
3999.999949786095
3999.999995198791
3999.999982762342
3999.999953605201
3999.999961895463
3999.999988621642
3999.999988102038
3999.999986895793
4000.000036029765
4000.000040173546
4000.000027120188
4000.000040173546
4000.000036029767
3999.999986895789
3999.999988102035
3999.99998862164
3999.999961895464
3999.999953605204
3999.999982762341
3999.99999519879
3999.999949786099
3999.99999837799
4000.000100414187
4000.000049410239
4000.000019507866
3999.999960057571
3999.999981023248
4000.000012252523
3999.999984337949
4000.000020097621
3999.999981512288
3999.999940599253
3999.999987043749
4000.000007829211
3999.999975427873
3999.999977996235
3999.999975427872
4000.000007829213
3999.999987043754
3999.999940599253
3999.999981512284
4000.000020097625
3999.999984337951
4000.000012252517
3999.999981023246
3999.999960057571
4000.000019507866
4000.000049410239
3999.999992505054
3999.999983997141
4000.000008663294
4000.000004731392
4000.000032289634
3999.999981050134
4000.000022940627
3999.999991104489
3999.999973088825
4000.000034997347
4000.0000130084
3999.999955234066
3999.999937827167
3999.999955234068
4000.0000130084
4000.000034997346
3999.999973088826
3999.999991104489
4000.000022940627
3999.999981050134
4000.000032289634
4000.000004731393
4000.000008663294
3999.999983997141
3999.999992505055
4000.000038960808
3999.999981447493
4000.000006818412
3999.999959861774
4000.00001471081
3999.999986952354
4000.000008437656
3999.999972838411
3999.999975507786
4000.000060921019
4000.000069746866
4000.000007304507
3999.999953340551
4000.000007304507
4000.000069746866
4000.000060921017
3999.999975507787
3999.999972838411
4000.000008437659
3999.999986952355
4000.00001471081
3999.99995986177
4000.000006818412
3999.999981447492
4000.000038960801
3999.999992505055
3999.999983997138
4000.000008663295
4000.0000047314
4000.000032289634
3999.999981050135
4000.000022940628
3999.99999110449
3999.999973088826
4000.000034997347
4000.0000130084
3999.999955234067
3999.999937827166
3999.999955234066
4000.0000130084
4000.000034997347
3999.999973088827
3999.99999110449
4000.000022940628
3999.999981050134
4000.000032289634
4000.000004731392
4000.000008663301
3999.999983997142
3999.999992505049
4000.000049410241
4000.000019507868
3999.999960057567
3999.999981023252
4000.000012252523
3999.99998433795
4000.000020097621
3999.999981512287
3999.999940599253
3999.999987043749
4000.000007829214
3999.999975427874
3999.999977996237
3999.999975427874
4000.000007829213
3999.999987043754
3999.999940599253
3999.999981512283
4000.000020097625
3999.999984337948
4000.000012252524
3999.999981023248
3999.999960057572
4000.000019507876
4000.000049410228
4000.000100414185
3999.999998377986
3999.9999497861
3999.999995198793
3999.999982762341
3999.999953605206
3999.999961895462
3999.999988621637
3999.999988102035
3999.99998689579
4000.000036029765
4000.000040173545
4000.000027120188
4000.000040173546
4000.000036029763
3999.99998689579
3999.999988102034
3999.999988621636
3999.999961895464
3999.999953605205
3999.999982762339
3999.999995198797
3999.9999497861
3999.999998377985
4000.000100414184
4000.000032896544
4000.000023497707
4000.000041990574
4000.000043420001
3999.999978129893
3999.999937754867
3999.999950404587
3999.999999619533
4000.000020910209
4000.000031632333
4000.000002243241
3999.999978028101
3999.999966092324
3999.9999780281
4000.000002243241
4000.000031632333
4000.000020910207
3999.99999961953
3999.99995040458
3999.999937754867
3999.999978129897
4000.000043419994
4000.000041990575
4000.000023497706
4000.00003289655
3999.999922945566
3999.999964911275
4000.000009579901
4000.000027596962
4000.000040901778
4000.00000186946
4000.000008152228
4000.000012247664
3999.999983354672
4000.000021983072
3999.999987601956
3999.999955012596
3999.999965645998
3999.999955012593
3999.999987601956
4000.000021983071
3999.999983354669
4000.000012247668
4000.000008152233
4000.00000186945
4000.000040901787
4000.000027596958
4000.000009579902
3999.999964911261
3999.999922945582
4000.000006324039
3999.999962598536
3999.999945812729
4000.000005204013
4000.000010012023
3999.999998772391
3999.999996303507
3999.999999265059
3999.999976116997
3999.99997926036
3999.999993940165
4000.000005285236
4000.000055380267
4000.000005285232
3999.999993940163
3999.999979260362
3999.999976116996
3999.999999265059
3999.999996303504
3999.999998772395
4000.000010012025
4000.000005204022
3999.999945812722
3999.999962598542
4000.000006324035
4000.000156452687
4000.000034967106
3999.999994992205
3999.99999114268
3999.999938159332
4000.000017621589
4000.000014370935
4000.000021536574
4000.000002595342
3999.999982339756
4000.000009965896
3999.999982684395
4000.00000743065
3999.9999826844
4000.0000099659
3999.999982339759
4000.00000259534
4000.000021536572
4000.000014370935
4000.000017621584
3999.999938159323
3999.999991142678
3999.999994992204
4000.000034967102
4000.00015645269
3999.99999678535
4000.000013097597
4000.000052819519
3999.999998210404
3999.999952002718
3999.999983668805
3999.999980986576
4000.000017874462
4000.000024290155
4000.000018507194
4000.000017004468
3999.999976967037
3999.999966809426
3999.999976967038
4000.00001700447
4000.000018507191
4000.000024290153
4000.000017874461
3999.999980986574
3999.999983668805
3999.999952002723
3999.999998210404
4000.000052819521
4000.000013097594
3999.999996785353
4000.000024335668
4000.00004881673
4000.000008039407
4000.000001639256
3999.999997792734
3999.999944767066
3999.999946562204
3999.999976750277
3999.9999694324
3999.999970237713
3999.999998521622
4000.000017605373
3999.999981522831
4000.000017605371
3999.999998521628
3999.999970237716
3999.999969432393
3999.99997675028
3999.999946562203
3999.999944767073
3999.99999779273
4000.000001639255
4000.000008039414
4000.000048816737
4000.000024335663
4000.000006372607
3999.999989739643
3999.999944826879
3999.999987029825
3999.999998311392
4000.000000877584
4000.000042784188
4000.000020507316
3999.99995111109
3999.999943354191
4000.000014213664
4000.000005522044
3999.99990897815
4000.000005522043
4000.000014213654
3999.999943354198
3999.999951111094
4000.000020507315
4000.000042784192
4000.000000877589
3999.999998311385
3999.999987029831
3999.999944826874
3999.999989739637
4000.000006372608
3999.999986334778
4000.000015952076
3999.99998043872
4000.000023368727
3999.999965212603
3999.999982412388
4000.000057350177
3999.999981083002
3999.999972915236
4000.000019258958
4000.000046222088
3999.999993114283
3999.999927913319
3999.999993114287
4000.00004622209
4000.000019258952
3999.999972915226
3999.999981083007
4000.000057350177
3999.999982412389
3999.99996521261
4000.000023368734
3999.999980438731
4000.000015952077
3999.999986334774
4000.000149269662
3999.999985823044
4000.000026286149
4000.000068295818
3999.999960618593
4000.000083534084
4000.000052192646
3999.999899334085
3999.999997516613
4000.000115648695
4000.000059844657
4000.000037613293
4000.000092765757
4000.000037613293
4000.000059844661
4000.000115648701
3999.999997516618
3999.999899334082
4000.000052192646
4000.000083534074
3999.999960618583
4000.000068295806
4000.00002628615
3999.999985823044
4000.000149269666
4000.000151676366
3999.9999894623
4000.000025122598
4000.00008946426
3999.999976992291
4000.000096948067
4000.000078593627
3999.999903965515
4000.000003004463
4000.000121759665
4000.000047441224
4000.00001996815
4000.000073549276
4000.000019968146
4000.00004744123
4000.000121759663
4000.000003004468
3999.999903965512
4000.000078593628
4000.000096948069
3999.999976992281
4000.000089464257
4000.000025122598
3999.999989462305
4000.00015167637
3999.999989982641
4000.000015952073
3999.999980438727
4000.000023368731
3999.999965212608
3999.999982412389
4000.000057350172
3999.999981083005
3999.999972915236
4000.000019258949
4000.000046222086
3999.999993114274
3999.999927913313
3999.999993114277
4000.000046222086
4000.000019258946
3999.99997291524
3999.999981083005
4000.000057350169
3999.999982412398
3999.999965212608
4000.000023368728
3999.999980438728
4000.00001595207
3999.999989982631
4000.000005206081
3999.999989739639
3999.999944826872
3999.999987029826
3999.999998311389
4000.000000877584
4000.000042784191
4000.000020507318
3999.999951111092
3999.999943354194
4000.000014213664
4000.000005522046
3999.999908978157
4000.000005522046
4000.000014213654
3999.999943354187
3999.999951111093
4000.00002050732
4000.00004278419
4000.00000087758
3999.999998311387
3999.999987029823
3999.999944826881
3999.999989739641
4000.000005206081
4000.000045537955
4000.000048816729
4000.000008039412
4000.000001639261
3999.999997792736
3999.999944767071
3999.999946562202
3999.999976750277
3999.999969432398
3999.999970237712
3999.999998521621
4000.000017605376
3999.999981522828
4000.000017605371
3999.999998521628
3999.999970237715
3999.999969432395
3999.999976750276
3999.999946562202
3999.999944767082
3999.999997792743
4000.000001639247
4000.000008039412
4000.000048816723
4000.000045537955
4000.000013210499
4000.000013097599
4000.000052819519
3999.999998210399
3999.999952002727
3999.999983668805
3999.999980986577
4000.000017874464
4000.000024290156
4000.00001850719
4000.000017004472
3999.999976967036
3999.999966809428
3999.999976967043
4000.000017004472
4000.000018507184
4000.000024290156
4000.000017874464
3999.999980986574
3999.999983668808
3999.999952002723
3999.999998210405
4000.000052819521
4000.000013097596
4000.000013210499
4000.00016986188
4000.000034967102
3999.999994992205
3999.999991142676
3999.999938159332
4000.000017621582
4000.000014370927
4000.000021536575
4000.000002595349
3999.999982339758
4000.000009965893
3999.999982684399
4000.000007430651
3999.999982684398
4000.000009965899
3999.999982339762
4000.000002595344
4000.00002153657
4000.000014370934
4000.000017621581
3999.999938159331
3999.999991142677
3999.999994992198
4000.000034967111
4000.00016986188
4000.000032724105
3999.999962598545
3999.999945812731
4000.000005204011
4000.000010012021
3999.999998772389
3999.99999630351
3999.999999265059
3999.999976116993
3999.999979260357
3999.999993940168
4000.000005285234
4000.000055380265
4000.000005285234
3999.999993940165
3999.999979260354
3999.999976116997
3999.999999265055
3999.999996303507
3999.999998772388
4000.00001001202
4000.000005204015
3999.999945812729
3999.999962598538
4000.000032724105
3999.999927583259
3999.999964911274
4000.000009579896
4000.000027596963
4000.000040901784
4000.00000186946
4000.000008152236
4000.000012247666
3999.999983354669
4000.000021983072
3999.999987601963
3999.999955012594
3999.999965646
3999.999955012595
3999.999987601961
4000.000021983073
3999.999983354671
4000.00001224767
4000.000008152238
4000.00000186946
4000.000040901788
4000.000027596958
4000.000009579907
3999.999964911278
3999.999927583259
4000.000038384032
4000.000023497704
4000.00004199058
4000.000043419995
3999.999978129903
3999.999937754859
3999.999950404588
3999.999999619527
4000.000020910205
4000.000031632329
4000.000002243238
3999.999978028103
3999.999966092322
3999.999978028103
4000.00000224324
4000.000031632328
4000.000020910207
3999.999999619529
3999.999950404586
3999.999937754861
3999.999978129896
4000.000043420001
4000.000041990569
4000.000023497707
4000.000038384029
4000.000106522703
3999.999998377984
3999.999949786111
3999.999995198792
3999.999982762343
3999.999953605199
3999.999961895464
3999.999988621639
3999.999988102034
3999.999986895792
4000.000036029767
4000.000040173546
4000.000027120191
4000.000040173546
4000.000036029767
3999.99998689579
3999.999988102037
3999.999988621641
3999.999961895463
3999.999953605203
3999.999982762341
3999.999995198791
3999.999949786105
3999.999998377985
4000.000106522703
4000.000037005953
4000.000019507871
3999.999960057574
3999.999981023243
4000.000012252523
3999.999984337949
4000.000020097621
3999.999981512288
3999.999940599252
3999.999987043754
4000.000007829212
3999.999975427872
3999.999977996235
3999.999975427872
4000.000007829212
3999.999987043751
3999.999940599254
3999.999981512286
4000.000020097622
3999.999984337948
4000.00001225252
3999.999981023248
3999.999960057577
4000.00001950787
4000.000037005952
3999.999974859638
3999.999983997141
4000.000008663296
4000.000004731392
4000.000032289634
3999.999981050135
4000.000022940629
3999.99999110449
3999.999973088825
4000.000034997345
4000.000013008401
3999.999955234067
3999.999937827165
3999.999955234067
4000.000013008402
4000.000034997346
3999.999973088824
3999.999991104489
4000.000022940627
3999.999981050136
4000.000032289634
4000.000004731392
4000.000008663296
3999.999983997139
3999.999974859641
4000.000019744356
3999.999981447499
4000.000006818406
3999.999959861773
4000.000014710807
3999.999986952355
4000.000008437657
3999.999972838411
3999.999975507787
4000.000060921016
4000.000069746868
4000.000007304507
3999.999953340551
4000.000007304507
4000.000069746868
4000.000060921017
3999.999975507786
3999.999972838411
4000.000008437657
3999.999986952357
4000.00001471081
3999.999959861764
4000.000006818418
3999.999981447493
4000.000019744355
3999.999974859641
3999.999983997143
4000.000008663296
4000.000004731392
4000.000032289636
3999.999981050134
4000.000022940628
3999.999991104489
3999.999973088824
4000.000034997347
4000.0000130084
3999.999955234066
3999.999937827166
3999.999955234066
4000.0000130084
4000.000034997347
3999.999973088826
3999.999991104487
4000.000022940626
3999.999981050134
4000.000032289633
4000.000004731392
4000.000008663296
3999.999983997142
3999.999974859645
4000.000037005951
4000.000019507871
3999.999960057574
3999.999981023247
4000.000012252524
3999.999984337946
4000.000020097621
3999.999981512288
3999.999940599253
3999.999987043751
4000.000007829213
3999.999975427872
3999.999977996235
3999.999975427872
4000.000007829213
3999.999987043753
3999.999940599251
3999.999981512287
4000.000020097622
3999.999984337949
4000.000012252527
3999.999981023243
3999.999960057572
4000.000019507876
4000.000037005948
4000.000106522705
3999.999998377986
3999.999949786102
3999.999995198794
3999.999982762341
3999.9999536052
3999.999961895461
3999.999988621642
3999.999988102034
3999.99998689579
4000.000036029767
4000.000040173547
4000.000027120189
4000.000040173546
4000.000036029766
3999.999986895789
3999.999988102036
3999.99998862164
3999.999961895462
3999.999953605203
3999.999982762338
3999.999995198796
3999.999949786103
3999.999998377985
4000.000106522705
4000.000038384033
4000.000023497704
4000.000041990567
4000.000043420006
3999.999978129891
3999.999937754868
3999.999950404587
3999.999999619532
4000.000020910207
4000.00003163233
4000.000002243238
3999.999978028101
3999.999966092324
3999.999978028103
4000.000002243238
4000.00003163233
4000.000020910204
3999.999999619532
3999.999950404589
3999.999937754864
3999.999978129893
4000.000043420009
4000.000041990565
4000.000023497706
4000.000038384032
3999.999927583275
3999.999964911262
4000.000009579905
4000.000027596961
4000.000040901779
4000.000001869458
4000.000008152229
4000.000012247672
3999.999983354672
4000.000021983072
3999.999987601961
3999.999955012596
3999.999965646001
3999.999955012594
3999.99998760196
4000.000021983074
3999.999983354672
4000.00001224767
4000.00000815223
4000.00000186946
4000.000040901788
4000.000027596958
4000.000009579908
3999.999964911265
3999.999927583273
4000.000032724114
3999.999962598546
3999.999945812726
4000.000005204009
4000.000010012027
3999.99999877239
3999.999996303502
3999.999999265058
3999.999976116997
3999.999979260359
3999.999993940167
4000.000005285235
4000.000055380262
4000.000005285231
3999.999993940163
3999.999979260357
3999.999976116993
3999.999999265055
3999.999996303505
3999.999998772386
4000.000010012024
4000.000005204007
3999.999945812726
3999.999962598546
4000.00003272411
4000.000169861876
4000.000034967097
3999.999994992204
3999.999991142685
3999.999938159323
4000.000017621582
4000.000014370934
4000.000021536573
4000.000002595343
3999.999982339759
4000.000009965896
3999.999982684399
4000.000007430654
3999.999982684401
4000.0000099659
3999.999982339762
4000.00000259535
4000.000021536574
4000.000014370933
4000.000017621586
3999.999938159326
3999.999991142681
3999.999994992204
4000.000034967099
4000.000169861874
4000.000013210502
4000.000013097599
4000.000052819524
3999.999998210402
3999.999952002718
3999.999983668805
3999.99998098658
4000.000017874461
4000.000024290152
4000.000018507189
4000.00001700447
3999.999976967035
3999.999966809424
3999.999976967039
4000.000017004466
4000.00001850719
4000.00002429015
4000.000017874464
3999.999980986576
3999.999983668799
3999.999952002723
3999.999998210401
4000.000052819524
4000.000013097598
4000.000013210505
4000.00004553796
4000.000048816721
4000.000008039422
4000.00000163926
3999.999997792733
3999.999944767074
3999.999946562203
3999.999976750275
3999.9999694324
3999.99997023771
3999.99999852162
4000.000017605376
3999.999981522833
4000.000017605372
3999.99999852162
3999.999970237714
3999.999969432393
3999.999976750273
3999.999946562203
3999.999944767073
3999.999997792732
4000.000001639266
4000.00000803941
4000.000048816727
4000.000045537946
4000.000005206085
3999.999989739643
3999.999944826879
3999.999987029824
3999.999998311389
4000.000000877585
4000.000042784186
4000.000020507324
3999.99995111109
3999.999943354195
4000.000014213661
4000.000005522048
3999.999908978153
4000.000005522046
4000.000014213664
3999.999943354198
3999.999951111094
4000.000020507316
4000.00004278419
4000.000000877586
3999.999998311385
3999.999987029826
3999.999944826884
3999.999989739637
4000.000005206089
3999.999989982625
4000.000015952077
3999.999980438722
4000.000023368727
3999.999965212608
3999.999982412388
4000.000057350172
3999.999981083
3999.999972915235
4000.00001925895
4000.000046222079
3999.99999311428
3999.999927913316
3999.999993114283
4000.00004622209
4000.00001925895
3999.99997291523
3999.999981083014
4000.000057350174
3999.999982412389
3999.99996521261
4000.000023368727
3999.999980438723
4000.000015952074
3999.999989982623
4000.000151676371
3999.999989462298
4000.000025122597
4000.000089464258
3999.99997699229
4000.000096948066
4000.000078593625
3999.999903965517
4000.000003004467
4000.000121759662
4000.00004744123
4000.000019968145
4000.000073549271
4000.000019968143
4000.00004744122
4000.000121759663
4000.000003004468
3999.999903965517
4000.000078593621
4000.00009694807
3999.999976992282
4000.000089464259
4000.000025122595
3999.999989462301
4000.000151676375
4000.000151676375
3999.999989462303
4000.000025122598
4000.000089464257
3999.999976992281
4000.000096948063
4000.000078593627
3999.999903965515
4000.000003004467
4000.000121759662
4000.000047441224
4000.00001996815
4000.000073549273
4000.000019968146
4000.00004744123
4000.00012175966
4000.000003004474
3999.999903965512
4000.000078593628
4000.000096948069
3999.999976992271
4000.000089464253
4000.000025122591
3999.999989462297
4000.00015167637
3999.999989982624
4000.000015952073
3999.999980438727
4000.000023368731
3999.999965212608
3999.999982412389
4000.000057350172
3999.999981083005
3999.999972915236
4000.000019258949
4000.000046222086
3999.999993114274
3999.999927913313
3999.999993114277
4000.000046222086
4000.000019258946
3999.99997291524
3999.999981083005
4000.000057350169
3999.999982412398
3999.999965212608
4000.000023368728
3999.999980438728
4000.00001595207
3999.999989982634
4000.000005206091
3999.999989739639
3999.999944826872
3999.999987029826
3999.999998311389
4000.000000877584
4000.000042784191
4000.000020507318
3999.999951111092
3999.999943354194
4000.000014213664
4000.000005522046
3999.999908978157
4000.000005522046
4000.000014213654
3999.999943354187
3999.999951111093
4000.00002050732
4000.00004278419
4000.00000087758
3999.999998311387
3999.999987029823
3999.999944826881
3999.999989739641
4000.000005206081
4000.000045537955
4000.000048816729
4000.000008039412
4000.000001639261
3999.999997792736
3999.999944767071
3999.999946562202
3999.999976750277
3999.999969432398
3999.999970237712
3999.999998521621
4000.000017605376
3999.999981522828
4000.000017605371
3999.999998521628
3999.999970237715
3999.999969432395
3999.999976750276
3999.999946562202
3999.999944767082
3999.999997792743
4000.000001639247
4000.000008039412
4000.000048816723
4000.00004553795
4000.000013210496
4000.000013097599
4000.000052819519
3999.999998210399
3999.999952002727
3999.999983668805
3999.999980986577
4000.000017874464
4000.000024290156
4000.00001850719
4000.000017004472
3999.999976967036
3999.999966809428
3999.999976967043
4000.000017004472
4000.000018507184
4000.000024290156
4000.000017874464
3999.999980986574
3999.999983668808
3999.999952002723
3999.999998210405
4000.000052819521
4000.000013097596
4000.000013210503
4000.00016986188
4000.000034967102
3999.999994992205
3999.999991142676
3999.999938159332
4000.000017621582
4000.000014370927
4000.000021536575
4000.000002595349
3999.999982339758
4000.000009965893
3999.999982684399
4000.000007430651
3999.999982684398
4000.000009965899
3999.999982339762
4000.000002595344
4000.00002153657
4000.000014370934
4000.000017621581
3999.999938159331
3999.999991142677
3999.999994992198
4000.000034967111
4000.00016986188
4000.000032724105
3999.999962598545
3999.999945812731
4000.000005204011
4000.000010012021
3999.999998772389
3999.99999630351
3999.999999265059
3999.999976116993
3999.999979260357
3999.999993940168
4000.000005285234
4000.000055380265
4000.000005285234
3999.999993940165
3999.999979260354
3999.999976116997
3999.999999265055
3999.999996303507
3999.999998772388
4000.00001001202
4000.000005204015
3999.999945812729
3999.999962598538
4000.000032724105
3999.999927583258
3999.999964911274
4000.000009579896
4000.000027596963
4000.000040901784
4000.00000186946
4000.000008152236
4000.000012247666
3999.999983354669
4000.000021983072
3999.999987601963
3999.999955012594
3999.999965646
3999.999955012595
3999.999987601961
4000.000021983073
3999.999983354671
4000.00001224767
4000.000008152238
4000.00000186946
4000.000040901788
4000.000027596958
4000.000009579907
3999.999964911278
3999.999927583259
4000.00003838403
4000.000023497704
4000.00004199058
4000.000043419995
3999.999978129903
3999.999937754859
3999.999950404588
3999.999999619527
4000.000020910205
4000.000031632329
4000.000002243238
3999.999978028103
3999.999966092322
3999.999978028103
4000.00000224324
4000.000031632328
4000.000020910207
3999.999999619529
3999.999950404586
3999.999937754861
3999.999978129896
4000.000043420001
4000.000041990569
4000.000023497707
4000.000038384036
4000.000106522701
3999.999998377984
3999.999949786111
3999.999995198792
3999.999982762343
3999.999953605199
3999.999961895464
3999.999988621639
3999.999988102034
3999.999986895792
4000.000036029767
4000.000040173546
4000.000027120191
4000.000040173546
4000.000036029767
3999.99998689579
3999.999988102037
3999.999988621641
3999.999961895463
3999.999953605203
3999.999982762341
3999.999995198791
3999.999949786105
3999.999998377985
4000.000106522707
4000.000037005953
4000.000019507871
3999.999960057574
3999.999981023243
4000.000012252523
3999.999984337949
4000.000020097621
3999.999981512288
3999.999940599252
3999.999987043754
4000.000007829212
3999.999975427872
3999.999977996235
3999.999975427872
4000.000007829212
3999.999987043751
3999.999940599254
3999.999981512286
4000.000020097622
3999.999984337948
4000.00001225252
3999.999981023248
3999.999960057577
4000.00001950787
4000.000037005956
3999.999974859638
3999.999983997141
4000.000008663296
4000.000004731392
4000.000032289634
3999.999981050135
4000.000022940629
3999.99999110449
3999.999973088825
4000.000034997345
4000.000013008401
3999.999955234067
3999.999937827165
3999.999955234067
4000.000013008402
4000.000034997346
3999.999973088824
3999.999991104489
4000.000022940627
3999.999981050136
4000.000032289634
4000.000004731392
4000.000008663296
3999.999983997139
3999.999974859641
4000.000019744359
3999.999981447499
4000.000006818406
3999.999959861773
4000.000014710807
3999.999986952355
4000.000008437657
3999.999972838411
3999.999975507787
4000.000060921016
4000.000069746868
4000.000007304507
3999.999953340551
4000.000007304507
4000.000069746868
4000.000060921017
3999.999975507786
3999.999972838411
4000.000008437657
3999.999986952357
4000.00001471081
3999.999959861764
4000.000006818418
3999.999981447493
4000.000019744357
3999.999974859641
3999.999983997143
4000.000008663296
4000.000004731392
4000.000032289636
3999.999981050134
4000.000022940628
3999.999991104489
3999.999973088824
4000.000034997347
4000.0000130084
3999.999955234066
3999.999937827166
3999.999955234066
4000.0000130084
4000.000034997347
3999.999973088826
3999.999991104487
4000.000022940626
3999.999981050134
4000.000032289633
4000.000004731392
4000.000008663296
3999.999983997142
3999.999974859644
4000.000037005954
4000.000019507871
3999.999960057574
3999.999981023247
4000.000012252524
3999.999984337946
4000.000020097621
3999.999981512288
3999.999940599253
3999.999987043751
4000.000007829213
3999.999975427872
3999.999977996235
3999.999975427872
4000.000007829213
3999.999987043753
3999.999940599251
3999.999981512287
4000.000020097622
3999.999984337949
4000.000012252527
3999.999981023243
3999.999960057572
4000.000019507876
4000.000037005948
4000.000106522708
3999.999998377986
3999.999949786102
3999.999995198794
3999.999982762341
3999.9999536052
3999.999961895461
3999.999988621642
3999.999988102034
3999.99998689579
4000.000036029767
4000.000040173547
4000.000027120189
4000.000040173546
4000.000036029766
3999.999986895789
3999.999988102036
3999.99998862164
3999.999961895462
3999.999953605203
3999.999982762338
3999.999995198796
3999.999949786103
3999.999998377985
4000.000106522701
4000.00003838404
4000.000023497704
4000.000041990567
4000.000043420006
3999.999978129891
3999.999937754868
3999.999950404587
3999.999999619532
4000.000020910207
4000.00003163233
4000.000002243238
3999.999978028101
3999.999966092324
3999.999978028103
4000.000002243238
4000.00003163233
4000.000020910204
3999.999999619532
3999.999950404589
3999.999937754864
3999.999978129893
4000.000043420009
4000.000041990565
4000.000023497706
4000.00003838403
3999.999927583274
3999.999964911262
4000.000009579905
4000.000027596961
4000.000040901779
4000.000001869458
4000.000008152229
4000.000012247672
3999.999983354672
4000.000021983072
3999.999987601961
3999.999955012596
3999.999965646001
3999.999955012594
3999.99998760196
4000.000021983074
3999.999983354672
4000.00001224767
4000.00000815223
4000.00000186946
4000.000040901788
4000.000027596958
4000.000009579908
3999.999964911265
3999.999927583271
4000.00003272411
3999.999962598546
3999.999945812726
4000.000005204009
4000.000010012027
3999.99999877239
3999.999996303502
3999.999999265058
3999.999976116997
3999.999979260359
3999.999993940167
4000.000005285235
4000.000055380262
4000.000005285231
3999.999993940163
3999.999979260357
3999.999976116993
3999.999999265055
3999.999996303505
3999.999998772386
4000.000010012024
4000.000005204007
3999.999945812726
3999.999962598546
4000.000032724107
4000.000169861876
4000.000034967097
3999.999994992204
3999.999991142685
3999.999938159323
4000.000017621582
4000.000014370934
4000.000021536573
4000.000002595343
3999.999982339759
4000.000009965896
3999.999982684399
4000.000007430654
3999.999982684401
4000.0000099659
3999.999982339762
4000.00000259535
4000.000021536574
4000.000014370933
4000.000017621586
3999.999938159326
3999.999991142681
3999.999994992204
4000.000034967099
4000.000169861883
4000.000013210504
4000.000013097599
4000.000052819524
3999.999998210402
3999.999952002718
3999.999983668805
3999.99998098658
4000.000017874461
4000.000024290152
4000.000018507189
4000.00001700447
3999.999976967035
3999.999966809424
3999.999976967039
4000.000017004466
4000.00001850719
4000.00002429015
4000.000017874464
3999.999980986576
3999.999983668799
3999.999952002723
3999.999998210401
4000.000052819524
4000.000013097598
4000.0000132105
4000.000045537952
4000.000048816721
4000.000008039422
4000.00000163926
3999.999997792733
3999.999944767074
3999.999946562203
3999.999976750275
3999.9999694324
3999.99997023771
3999.99999852162
4000.000017605376
3999.999981522833
4000.000017605372
3999.99999852162
3999.999970237714
3999.999969432393
3999.999976750273
3999.999946562203
3999.999944767073
3999.999997792732
4000.000001639266
4000.00000803941
4000.000048816727
4000.000045537946
4000.000005206085
3999.999989739643
3999.999944826879
3999.999987029824
3999.999998311389
4000.000000877585
4000.000042784186
4000.000020507324
3999.99995111109
3999.999943354195
4000.000014213661
4000.000005522048
3999.999908978153
4000.000005522046
4000.000014213664
3999.999943354198
3999.999951111094
4000.000020507316
4000.00004278419
4000.000000877586
3999.999998311385
3999.999987029826
3999.999944826884
3999.999989739637
4000.000005206083
3999.999989982628
4000.000015952077
3999.999980438722
4000.000023368727
3999.999965212608
3999.999982412388
4000.000057350172
3999.999981083
3999.999972915235
4000.00001925895
4000.000046222079
3999.99999311428
3999.999927913316
3999.999993114283
4000.00004622209
4000.00001925895
3999.99997291523
3999.999981083014
4000.000057350174
3999.999982412389
3999.99996521261
4000.000023368727
3999.999980438723
4000.000015952074
3999.999989982632
4000.00015167637
3999.999989462292
4000.000025122595
4000.000089464254
3999.999976992283
4000.000096948066
4000.000078593626
3999.999903965516
4000.000003004468
4000.000121759665
4000.00004744123
4000.000019968145
4000.000073549268
4000.000019968143
4000.000047441223
4000.000121759663
4000.000003004468
3999.999903965517
4000.000078593621
4000.000096948068
3999.999976992276
4000.000089464256
4000.000025122594
3999.999989462305
4000.000151676369
)
;
    }
}


// ************************************************************************* //
