/*--------------------------------*- C++ -*----------------------------------*\
| =========                 |                                                 |
| \\      /  F ield         | foam-extend: Open Source CFD                    |
|  \\    /   O peration     | Version:     4.1                                |
|   \\  /    A nd           | Web:         http://www.foam-extend.org         |
|    \\/     M anipulation  |                                                 |
\*---------------------------------------------------------------------------*/
FoamFile
{
    version     2.0;
    format      ascii;
    class       labelList;
    note        "nPoints: 2652 nCells: 1250 nFaces: 5075 nInternalFaces: 2425";
    location    "constant/polyMesh";
    object      owner;
}
// * * * * * * * * * * * * * * * * * * * * * * * * * * * * * * * * * * * * * //


5075
(
0
0
1
1
2
2
3
3
4
4
5
5
6
6
7
7
8
8
9
9
10
10
11
11
12
12
13
13
14
14
15
15
16
16
17
17
18
18
19
19
20
20
21
21
22
22
23
23
24
24
25
25
26
26
27
27
28
28
29
29
30
30
31
31
32
32
33
33
34
34
35
35
36
36
37
37
38
38
39
39
40
40
41
41
42
42
43
43
44
44
45
45
46
46
47
47
48
48
49
50
50
51
51
52
52
53
53
54
54
55
55
56
56
57
57
58
58
59
59
60
60
61
61
62
62
63
63
64
64
65
65
66
66
67
67
68
68
69
69
70
70
71
71
72
72
73
73
74
74
75
75
76
76
77
77
78
78
79
79
80
80
81
81
82
82
83
83
84
84
85
85
86
86
87
87
88
88
89
89
90
90
91
91
92
92
93
93
94
94
95
95
96
96
97
97
98
98
99
100
100
101
101
102
102
103
103
104
104
105
105
106
106
107
107
108
108
109
109
110
110
111
111
112
112
113
113
114
114
115
115
116
116
117
117
118
118
119
119
120
120
121
121
122
122
123
123
124
124
125
125
126
126
127
127
128
128
129
129
130
130
131
131
132
132
133
133
134
134
135
135
136
136
137
137
138
138
139
139
140
140
141
141
142
142
143
143
144
144
145
145
146
146
147
147
148
148
149
150
150
151
151
152
152
153
153
154
154
155
155
156
156
157
157
158
158
159
159
160
160
161
161
162
162
163
163
164
164
165
165
166
166
167
167
168
168
169
169
170
170
171
171
172
172
173
173
174
174
175
175
176
176
177
177
178
178
179
179
180
180
181
181
182
182
183
183
184
184
185
185
186
186
187
187
188
188
189
189
190
190
191
191
192
192
193
193
194
194
195
195
196
196
197
197
198
198
199
200
200
201
201
202
202
203
203
204
204
205
205
206
206
207
207
208
208
209
209
210
210
211
211
212
212
213
213
214
214
215
215
216
216
217
217
218
218
219
219
220
220
221
221
222
222
223
223
224
224
225
225
226
226
227
227
228
228
229
229
230
230
231
231
232
232
233
233
234
234
235
235
236
236
237
237
238
238
239
239
240
240
241
241
242
242
243
243
244
244
245
245
246
246
247
247
248
248
249
250
250
251
251
252
252
253
253
254
254
255
255
256
256
257
257
258
258
259
259
260
260
261
261
262
262
263
263
264
264
265
265
266
266
267
267
268
268
269
269
270
270
271
271
272
272
273
273
274
274
275
275
276
276
277
277
278
278
279
279
280
280
281
281
282
282
283
283
284
284
285
285
286
286
287
287
288
288
289
289
290
290
291
291
292
292
293
293
294
294
295
295
296
296
297
297
298
298
299
300
300
301
301
302
302
303
303
304
304
305
305
306
306
307
307
308
308
309
309
310
310
311
311
312
312
313
313
314
314
315
315
316
316
317
317
318
318
319
319
320
320
321
321
322
322
323
323
324
324
325
325
326
326
327
327
328
328
329
329
330
330
331
331
332
332
333
333
334
334
335
335
336
336
337
337
338
338
339
339
340
340
341
341
342
342
343
343
344
344
345
345
346
346
347
347
348
348
349
350
350
351
351
352
352
353
353
354
354
355
355
356
356
357
357
358
358
359
359
360
360
361
361
362
362
363
363
364
364
365
365
366
366
367
367
368
368
369
369
370
370
371
371
372
372
373
373
374
374
375
375
376
376
377
377
378
378
379
379
380
380
381
381
382
382
383
383
384
384
385
385
386
386
387
387
388
388
389
389
390
390
391
391
392
392
393
393
394
394
395
395
396
396
397
397
398
398
399
400
400
401
401
402
402
403
403
404
404
405
405
406
406
407
407
408
408
409
409
410
410
411
411
412
412
413
413
414
414
415
415
416
416
417
417
418
418
419
419
420
420
421
421
422
422
423
423
424
424
425
425
426
426
427
427
428
428
429
429
430
430
431
431
432
432
433
433
434
434
435
435
436
436
437
437
438
438
439
439
440
440
441
441
442
442
443
443
444
444
445
445
446
446
447
447
448
448
449
450
450
451
451
452
452
453
453
454
454
455
455
456
456
457
457
458
458
459
459
460
460
461
461
462
462
463
463
464
464
465
465
466
466
467
467
468
468
469
469
470
470
471
471
472
472
473
473
474
474
475
475
476
476
477
477
478
478
479
479
480
480
481
481
482
482
483
483
484
484
485
485
486
486
487
487
488
488
489
489
490
490
491
491
492
492
493
493
494
494
495
495
496
496
497
497
498
498
499
500
500
501
501
502
502
503
503
504
504
505
505
506
506
507
507
508
508
509
509
510
510
511
511
512
512
513
513
514
514
515
515
516
516
517
517
518
518
519
519
520
520
521
521
522
522
523
523
524
524
525
525
526
526
527
527
528
528
529
529
530
530
531
531
532
532
533
533
534
534
535
535
536
536
537
537
538
538
539
539
540
540
541
541
542
542
543
543
544
544
545
545
546
546
547
547
548
548
549
550
550
551
551
552
552
553
553
554
554
555
555
556
556
557
557
558
558
559
559
560
560
561
561
562
562
563
563
564
564
565
565
566
566
567
567
568
568
569
569
570
570
571
571
572
572
573
573
574
574
575
575
576
576
577
577
578
578
579
579
580
580
581
581
582
582
583
583
584
584
585
585
586
586
587
587
588
588
589
589
590
590
591
591
592
592
593
593
594
594
595
595
596
596
597
597
598
598
599
600
600
601
601
602
602
603
603
604
604
605
605
606
606
607
607
608
608
609
609
610
610
611
611
612
612
613
613
614
614
615
615
616
616
617
617
618
618
619
619
620
620
621
621
622
622
623
623
624
624
625
625
626
626
627
627
628
628
629
629
630
630
631
631
632
632
633
633
634
634
635
635
636
636
637
637
638
638
639
639
640
640
641
641
642
642
643
643
644
644
645
645
646
646
647
647
648
648
649
650
650
651
651
652
652
653
653
654
654
655
655
656
656
657
657
658
658
659
659
660
660
661
661
662
662
663
663
664
664
665
665
666
666
667
667
668
668
669
669
670
670
671
671
672
672
673
673
674
674
675
675
676
676
677
677
678
678
679
679
680
680
681
681
682
682
683
683
684
684
685
685
686
686
687
687
688
688
689
689
690
690
691
691
692
692
693
693
694
694
695
695
696
696
697
697
698
698
699
700
700
701
701
702
702
703
703
704
704
705
705
706
706
707
707
708
708
709
709
710
710
711
711
712
712
713
713
714
714
715
715
716
716
717
717
718
718
719
719
720
720
721
721
722
722
723
723
724
724
725
725
726
726
727
727
728
728
729
729
730
730
731
731
732
732
733
733
734
734
735
735
736
736
737
737
738
738
739
739
740
740
741
741
742
742
743
743
744
744
745
745
746
746
747
747
748
748
749
750
750
751
751
752
752
753
753
754
754
755
755
756
756
757
757
758
758
759
759
760
760
761
761
762
762
763
763
764
764
765
765
766
766
767
767
768
768
769
769
770
770
771
771
772
772
773
773
774
774
775
775
776
776
777
777
778
778
779
779
780
780
781
781
782
782
783
783
784
784
785
785
786
786
787
787
788
788
789
789
790
790
791
791
792
792
793
793
794
794
795
795
796
796
797
797
798
798
799
800
800
801
801
802
802
803
803
804
804
805
805
806
806
807
807
808
808
809
809
810
810
811
811
812
812
813
813
814
814
815
815
816
816
817
817
818
818
819
819
820
820
821
821
822
822
823
823
824
824
825
825
826
826
827
827
828
828
829
829
830
830
831
831
832
832
833
833
834
834
835
835
836
836
837
837
838
838
839
839
840
840
841
841
842
842
843
843
844
844
845
845
846
846
847
847
848
848
849
850
850
851
851
852
852
853
853
854
854
855
855
856
856
857
857
858
858
859
859
860
860
861
861
862
862
863
863
864
864
865
865
866
866
867
867
868
868
869
869
870
870
871
871
872
872
873
873
874
874
875
875
876
876
877
877
878
878
879
879
880
880
881
881
882
882
883
883
884
884
885
885
886
886
887
887
888
888
889
889
890
890
891
891
892
892
893
893
894
894
895
895
896
896
897
897
898
898
899
900
900
901
901
902
902
903
903
904
904
905
905
906
906
907
907
908
908
909
909
910
910
911
911
912
912
913
913
914
914
915
915
916
916
917
917
918
918
919
919
920
920
921
921
922
922
923
923
924
924
925
925
926
926
927
927
928
928
929
929
930
930
931
931
932
932
933
933
934
934
935
935
936
936
937
937
938
938
939
939
940
940
941
941
942
942
943
943
944
944
945
945
946
946
947
947
948
948
949
950
950
951
951
952
952
953
953
954
954
955
955
956
956
957
957
958
958
959
959
960
960
961
961
962
962
963
963
964
964
965
965
966
966
967
967
968
968
969
969
970
970
971
971
972
972
973
973
974
974
975
975
976
976
977
977
978
978
979
979
980
980
981
981
982
982
983
983
984
984
985
985
986
986
987
987
988
988
989
989
990
990
991
991
992
992
993
993
994
994
995
995
996
996
997
997
998
998
999
1000
1000
1001
1001
1002
1002
1003
1003
1004
1004
1005
1005
1006
1006
1007
1007
1008
1008
1009
1009
1010
1010
1011
1011
1012
1012
1013
1013
1014
1014
1015
1015
1016
1016
1017
1017
1018
1018
1019
1019
1020
1020
1021
1021
1022
1022
1023
1023
1024
1024
1025
1025
1026
1026
1027
1027
1028
1028
1029
1029
1030
1030
1031
1031
1032
1032
1033
1033
1034
1034
1035
1035
1036
1036
1037
1037
1038
1038
1039
1039
1040
1040
1041
1041
1042
1042
1043
1043
1044
1044
1045
1045
1046
1046
1047
1047
1048
1048
1049
1050
1050
1051
1051
1052
1052
1053
1053
1054
1054
1055
1055
1056
1056
1057
1057
1058
1058
1059
1059
1060
1060
1061
1061
1062
1062
1063
1063
1064
1064
1065
1065
1066
1066
1067
1067
1068
1068
1069
1069
1070
1070
1071
1071
1072
1072
1073
1073
1074
1074
1075
1075
1076
1076
1077
1077
1078
1078
1079
1079
1080
1080
1081
1081
1082
1082
1083
1083
1084
1084
1085
1085
1086
1086
1087
1087
1088
1088
1089
1089
1090
1090
1091
1091
1092
1092
1093
1093
1094
1094
1095
1095
1096
1096
1097
1097
1098
1098
1099
1100
1100
1101
1101
1102
1102
1103
1103
1104
1104
1105
1105
1106
1106
1107
1107
1108
1108
1109
1109
1110
1110
1111
1111
1112
1112
1113
1113
1114
1114
1115
1115
1116
1116
1117
1117
1118
1118
1119
1119
1120
1120
1121
1121
1122
1122
1123
1123
1124
1124
1125
1125
1126
1126
1127
1127
1128
1128
1129
1129
1130
1130
1131
1131
1132
1132
1133
1133
1134
1134
1135
1135
1136
1136
1137
1137
1138
1138
1139
1139
1140
1140
1141
1141
1142
1142
1143
1143
1144
1144
1145
1145
1146
1146
1147
1147
1148
1148
1149
1150
1150
1151
1151
1152
1152
1153
1153
1154
1154
1155
1155
1156
1156
1157
1157
1158
1158
1159
1159
1160
1160
1161
1161
1162
1162
1163
1163
1164
1164
1165
1165
1166
1166
1167
1167
1168
1168
1169
1169
1170
1170
1171
1171
1172
1172
1173
1173
1174
1174
1175
1175
1176
1176
1177
1177
1178
1178
1179
1179
1180
1180
1181
1181
1182
1182
1183
1183
1184
1184
1185
1185
1186
1186
1187
1187
1188
1188
1189
1189
1190
1190
1191
1191
1192
1192
1193
1193
1194
1194
1195
1195
1196
1196
1197
1197
1198
1198
1199
1200
1201
1202
1203
1204
1205
1206
1207
1208
1209
1210
1211
1212
1213
1214
1215
1216
1217
1218
1219
1220
1221
1222
1223
1224
1225
1226
1227
1228
1229
1230
1231
1232
1233
1234
1235
1236
1237
1238
1239
1240
1241
1242
1243
1244
1245
1246
1247
1248
0
50
100
150
200
250
300
350
400
450
500
550
600
650
700
750
800
850
900
950
1000
1050
1100
1150
1200
1
51
101
151
201
251
301
351
401
451
501
551
601
651
701
751
801
851
901
951
1001
1051
1101
1151
1201
2
52
102
152
202
252
302
352
402
452
502
552
602
652
702
752
802
852
902
952
1002
1052
1102
1152
1202
3
53
103
153
203
253
303
353
403
453
503
553
603
653
703
753
803
853
903
953
1003
1053
1103
1153
1203
4
54
104
154
204
254
304
354
404
454
504
554
604
654
704
754
804
854
904
954
1004
1054
1104
1154
1204
5
55
105
155
205
255
305
355
405
455
505
555
605
655
705
755
805
855
905
955
1005
1055
1105
1155
1205
6
56
106
156
206
256
306
356
406
456
506
556
606
656
706
756
806
856
906
956
1006
1056
1106
1156
1206
7
57
107
157
207
257
307
357
407
457
507
557
607
657
707
757
807
857
907
957
1007
1057
1107
1157
1207
8
58
108
158
208
258
308
358
408
458
508
558
608
658
708
758
808
858
908
958
1008
1058
1108
1158
1208
9
59
109
159
209
259
309
359
409
459
509
559
609
659
709
759
809
859
909
959
1009
1059
1109
1159
1209
10
60
110
160
210
260
310
360
410
460
510
560
610
660
710
760
810
860
910
960
1010
1060
1110
1160
1210
11
61
111
161
211
261
311
361
411
461
511
561
611
661
711
761
811
861
911
961
1011
1061
1111
1161
1211
12
62
112
162
212
262
312
362
412
462
512
562
612
662
712
762
812
862
912
962
1012
1062
1112
1162
1212
13
63
113
163
213
263
313
363
413
463
513
563
613
663
713
763
813
863
913
963
1013
1063
1113
1163
1213
14
64
114
164
214
264
314
364
414
464
514
564
614
664
714
764
814
864
914
964
1014
1064
1114
1164
1214
15
65
115
165
215
265
315
365
415
465
515
565
615
665
715
765
815
865
915
965
1015
1065
1115
1165
1215
16
66
116
166
216
266
316
366
416
466
516
566
616
666
716
766
816
866
916
966
1016
1066
1116
1166
1216
17
67
117
167
217
267
317
367
417
467
517
567
617
667
717
767
817
867
917
967
1017
1067
1117
1167
1217
18
68
118
168
218
268
318
368
418
468
518
568
618
668
718
768
818
868
918
968
1018
1068
1118
1168
1218
19
69
119
169
219
269
319
369
419
469
519
569
619
669
719
769
819
869
919
969
1019
1069
1119
1169
1219
20
70
120
170
220
270
320
370
420
470
520
570
620
670
720
770
820
870
920
970
1020
1070
1120
1170
1220
21
71
121
171
221
271
321
371
421
471
521
571
621
671
721
771
821
871
921
971
1021
1071
1121
1171
1221
22
72
122
172
222
272
322
372
422
472
522
572
622
672
722
772
822
872
922
972
1022
1072
1122
1172
1222
23
73
123
173
223
273
323
373
423
473
523
573
623
673
723
773
823
873
923
973
1023
1073
1123
1173
1223
24
74
124
174
224
274
324
374
424
474
524
574
624
674
724
774
824
874
924
974
1024
1074
1124
1174
1224
25
75
125
175
225
275
325
375
425
475
525
575
625
675
725
775
825
875
925
975
1025
1075
1125
1175
1225
26
76
126
176
226
276
326
376
426
476
526
576
626
676
726
776
826
876
926
976
1026
1076
1126
1176
1226
27
77
127
177
227
277
327
377
427
477
527
577
627
677
727
777
827
877
927
977
1027
1077
1127
1177
1227
28
78
128
178
228
278
328
378
428
478
528
578
628
678
728
778
828
878
928
978
1028
1078
1128
1178
1228
29
79
129
179
229
279
329
379
429
479
529
579
629
679
729
779
829
879
929
979
1029
1079
1129
1179
1229
30
80
130
180
230
280
330
380
430
480
530
580
630
680
730
780
830
880
930
980
1030
1080
1130
1180
1230
31
81
131
181
231
281
331
381
431
481
531
581
631
681
731
781
831
881
931
981
1031
1081
1131
1181
1231
32
82
132
182
232
282
332
382
432
482
532
582
632
682
732
782
832
882
932
982
1032
1082
1132
1182
1232
33
83
133
183
233
283
333
383
433
483
533
583
633
683
733
783
833
883
933
983
1033
1083
1133
1183
1233
34
84
134
184
234
284
334
384
434
484
534
584
634
684
734
784
834
884
934
984
1034
1084
1134
1184
1234
35
85
135
185
235
285
335
385
435
485
535
585
635
685
735
785
835
885
935
985
1035
1085
1135
1185
1235
36
86
136
186
236
286
336
386
436
486
536
586
636
686
736
786
836
886
936
986
1036
1086
1136
1186
1236
37
87
137
187
237
287
337
387
437
487
537
587
637
687
737
787
837
887
937
987
1037
1087
1137
1187
1237
38
88
138
188
238
288
338
388
438
488
538
588
638
688
738
788
838
888
938
988
1038
1088
1138
1188
1238
39
89
139
189
239
289
339
389
439
489
539
589
639
689
739
789
839
889
939
989
1039
1089
1139
1189
1239
40
90
140
190
240
290
340
390
440
490
540
590
640
690
740
790
840
890
940
990
1040
1090
1140
1190
1240
41
91
141
191
241
291
341
391
441
491
541
591
641
691
741
791
841
891
941
991
1041
1091
1141
1191
1241
42
92
142
192
242
292
342
392
442
492
542
592
642
692
742
792
842
892
942
992
1042
1092
1142
1192
1242
43
93
143
193
243
293
343
393
443
493
543
593
643
693
743
793
843
893
943
993
1043
1093
1143
1193
1243
44
94
144
194
244
294
344
394
444
494
544
594
644
694
744
794
844
894
944
994
1044
1094
1144
1194
1244
45
95
145
195
245
295
345
395
445
495
545
595
645
695
745
795
845
895
945
995
1045
1095
1145
1195
1245
46
96
146
196
246
296
346
396
446
496
546
596
646
696
746
796
846
896
946
996
1046
1096
1146
1196
1246
47
97
147
197
247
297
347
397
447
497
547
597
647
697
747
797
847
897
947
997
1047
1097
1147
1197
1247
48
98
148
198
248
298
348
398
448
498
548
598
648
698
748
798
848
898
948
998
1048
1098
1148
1198
1248
49
99
149
199
249
299
349
399
449
499
549
599
649
699
749
799
849
899
949
999
1049
1099
1149
1199
1249
0
50
100
150
200
250
300
350
400
450
500
550
600
650
700
750
800
850
900
950
1000
1050
1100
1150
1200
1
51
101
151
201
251
301
351
401
451
501
551
601
651
701
751
801
851
901
951
1001
1051
1101
1151
1201
2
52
102
152
202
252
302
352
402
452
502
552
602
652
702
752
802
852
902
952
1002
1052
1102
1152
1202
3
53
103
153
203
253
303
353
403
453
503
553
603
653
703
753
803
853
903
953
1003
1053
1103
1153
1203
4
54
104
154
204
254
304
354
404
454
504
554
604
654
704
754
804
854
904
954
1004
1054
1104
1154
1204
5
55
105
155
205
255
305
355
405
455
505
555
605
655
705
755
805
855
905
955
1005
1055
1105
1155
1205
6
56
106
156
206
256
306
356
406
456
506
556
606
656
706
756
806
856
906
956
1006
1056
1106
1156
1206
7
57
107
157
207
257
307
357
407
457
507
557
607
657
707
757
807
857
907
957
1007
1057
1107
1157
1207
8
58
108
158
208
258
308
358
408
458
508
558
608
658
708
758
808
858
908
958
1008
1058
1108
1158
1208
9
59
109
159
209
259
309
359
409
459
509
559
609
659
709
759
809
859
909
959
1009
1059
1109
1159
1209
10
60
110
160
210
260
310
360
410
460
510
560
610
660
710
760
810
860
910
960
1010
1060
1110
1160
1210
11
61
111
161
211
261
311
361
411
461
511
561
611
661
711
761
811
861
911
961
1011
1061
1111
1161
1211
12
62
112
162
212
262
312
362
412
462
512
562
612
662
712
762
812
862
912
962
1012
1062
1112
1162
1212
13
63
113
163
213
263
313
363
413
463
513
563
613
663
713
763
813
863
913
963
1013
1063
1113
1163
1213
14
64
114
164
214
264
314
364
414
464
514
564
614
664
714
764
814
864
914
964
1014
1064
1114
1164
1214
15
65
115
165
215
265
315
365
415
465
515
565
615
665
715
765
815
865
915
965
1015
1065
1115
1165
1215
16
66
116
166
216
266
316
366
416
466
516
566
616
666
716
766
816
866
916
966
1016
1066
1116
1166
1216
17
67
117
167
217
267
317
367
417
467
517
567
617
667
717
767
817
867
917
967
1017
1067
1117
1167
1217
18
68
118
168
218
268
318
368
418
468
518
568
618
668
718
768
818
868
918
968
1018
1068
1118
1168
1218
19
69
119
169
219
269
319
369
419
469
519
569
619
669
719
769
819
869
919
969
1019
1069
1119
1169
1219
20
70
120
170
220
270
320
370
420
470
520
570
620
670
720
770
820
870
920
970
1020
1070
1120
1170
1220
21
71
121
171
221
271
321
371
421
471
521
571
621
671
721
771
821
871
921
971
1021
1071
1121
1171
1221
22
72
122
172
222
272
322
372
422
472
522
572
622
672
722
772
822
872
922
972
1022
1072
1122
1172
1222
23
73
123
173
223
273
323
373
423
473
523
573
623
673
723
773
823
873
923
973
1023
1073
1123
1173
1223
24
74
124
174
224
274
324
374
424
474
524
574
624
674
724
774
824
874
924
974
1024
1074
1124
1174
1224
25
75
125
175
225
275
325
375
425
475
525
575
625
675
725
775
825
875
925
975
1025
1075
1125
1175
1225
26
76
126
176
226
276
326
376
426
476
526
576
626
676
726
776
826
876
926
976
1026
1076
1126
1176
1226
27
77
127
177
227
277
327
377
427
477
527
577
627
677
727
777
827
877
927
977
1027
1077
1127
1177
1227
28
78
128
178
228
278
328
378
428
478
528
578
628
678
728
778
828
878
928
978
1028
1078
1128
1178
1228
29
79
129
179
229
279
329
379
429
479
529
579
629
679
729
779
829
879
929
979
1029
1079
1129
1179
1229
30
80
130
180
230
280
330
380
430
480
530
580
630
680
730
780
830
880
930
980
1030
1080
1130
1180
1230
31
81
131
181
231
281
331
381
431
481
531
581
631
681
731
781
831
881
931
981
1031
1081
1131
1181
1231
32
82
132
182
232
282
332
382
432
482
532
582
632
682
732
782
832
882
932
982
1032
1082
1132
1182
1232
33
83
133
183
233
283
333
383
433
483
533
583
633
683
733
783
833
883
933
983
1033
1083
1133
1183
1233
34
84
134
184
234
284
334
384
434
484
534
584
634
684
734
784
834
884
934
984
1034
1084
1134
1184
1234
35
85
135
185
235
285
335
385
435
485
535
585
635
685
735
785
835
885
935
985
1035
1085
1135
1185
1235
36
86
136
186
236
286
336
386
436
486
536
586
636
686
736
786
836
886
936
986
1036
1086
1136
1186
1236
37
87
137
187
237
287
337
387
437
487
537
587
637
687
737
787
837
887
937
987
1037
1087
1137
1187
1237
38
88
138
188
238
288
338
388
438
488
538
588
638
688
738
788
838
888
938
988
1038
1088
1138
1188
1238
39
89
139
189
239
289
339
389
439
489
539
589
639
689
739
789
839
889
939
989
1039
1089
1139
1189
1239
40
90
140
190
240
290
340
390
440
490
540
590
640
690
740
790
840
890
940
990
1040
1090
1140
1190
1240
41
91
141
191
241
291
341
391
441
491
541
591
641
691
741
791
841
891
941
991
1041
1091
1141
1191
1241
42
92
142
192
242
292
342
392
442
492
542
592
642
692
742
792
842
892
942
992
1042
1092
1142
1192
1242
43
93
143
193
243
293
343
393
443
493
543
593
643
693
743
793
843
893
943
993
1043
1093
1143
1193
1243
44
94
144
194
244
294
344
394
444
494
544
594
644
694
744
794
844
894
944
994
1044
1094
1144
1194
1244
45
95
145
195
245
295
345
395
445
495
545
595
645
695
745
795
845
895
945
995
1045
1095
1145
1195
1245
46
96
146
196
246
296
346
396
446
496
546
596
646
696
746
796
846
896
946
996
1046
1096
1146
1196
1246
47
97
147
197
247
297
347
397
447
497
547
597
647
697
747
797
847
897
947
997
1047
1097
1147
1197
1247
48
98
148
198
248
298
348
398
448
498
548
598
648
698
748
798
848
898
948
998
1048
1098
1148
1198
1248
49
99
149
199
249
299
349
399
449
499
549
599
649
699
749
799
849
899
949
999
1049
1099
1149
1199
1249
0
50
100
150
200
250
300
350
400
450
500
550
600
650
700
750
800
850
900
950
1000
1050
1100
1150
1200
49
99
149
199
249
299
349
399
449
499
549
599
649
699
749
799
849
899
949
999
1049
1099
1149
1199
1249
1200
1201
1202
1203
1204
1205
1206
1207
1208
1209
1210
1211
1212
1213
1214
1215
1216
1217
1218
1219
1220
1221
1222
1223
1224
1225
1226
1227
1228
1229
1230
1231
1232
1233
1234
1235
1236
1237
1238
1239
1240
1241
1242
1243
1244
1245
1246
1247
1248
1249
0
1
2
3
4
5
6
7
8
9
10
11
12
13
14
15
16
17
18
19
20
21
22
23
24
25
26
27
28
29
30
31
32
33
34
35
36
37
38
39
40
41
42
43
44
45
46
47
48
49
)


// ************************************************************************* //
