/*--------------------------------*- C++ -*----------------------------------*\
| =========                 |                                                 |
| \\      /  F ield         | foam-extend: Open Source CFD                    |
|  \\    /   O peration     | Version:     4.1                                |
|   \\  /    A nd           | Web:         http://www.foam-extend.org         |
|    \\/     M anipulation  |                                                 |
\*---------------------------------------------------------------------------*/
FoamFile
{
    version     2.0;
    format      ascii;
    class       vectorField;
    location    "constant/polyMesh";
    object      points;
}
// * * * * * * * * * * * * * * * * * * * * * * * * * * * * * * * * * * * * * //


2652
(
(0 0 0)
(0.0008000000000000001 0 0)
(0.0016 0 0)
(0.0024 0 0)
(0.003200000000000001 0 0)
(0.004 0 0)
(0.0048 0 0)
(0.005600000000000001 0 0)
(0.006400000000000001 0 0)
(0.0072 0 0)
(0.008 0 0)
(0.008800000000000001 0 0)
(0.009599999999999999 0 0)
(0.0104 0 0)
(0.0112 0 0)
(0.012 0 0)
(0.0128 0 0)
(0.0136 0 0)
(0.0144 0 0)
(0.0152 0 0)
(0.016 0 0)
(0.0168 0 0)
(0.0176 0 0)
(0.0184 0 0)
(0.0192 0 0)
(0.02 0 0)
(0.0208 0 0)
(0.0216 0 0)
(0.0224 0 0)
(0.0232 0 0)
(0.024 0 0)
(0.0248 0 0)
(0.0256 0 0)
(0.0264 0 0)
(0.0272 0 0)
(0.028 0 0)
(0.0288 0 0)
(0.0296 0 0)
(0.0304 0 0)
(0.0312 0 0)
(0.032 0 0)
(0.0328 0 0)
(0.0336 0 0)
(0.0344 0 0)
(0.0352 0 0)
(0.036 0 0)
(0.03680000000000001 0 0)
(0.03759999999999999 0 0)
(0.0384 0 0)
(0.03920000000000001 0 0)
(0.04 0 0)
(0 0.0004000000000000001 0)
(0.0007999999999999999 0.0004000000000000001 0)
(0.0016 0.0004 0)
(0.0024 0.0004000000000000001 0)
(0.0032 0.0004000000000000001 0)
(0.004 0.0004000000000000001 0)
(0.0048 0.0004000000000000001 0)
(0.005600000000000001 0.0004000000000000001 0)
(0.006400000000000001 0.0004000000000000001 0)
(0.0072 0.0004 0)
(0.008 0.0004 0)
(0.008800000000000001 0.0004 0)
(0.009599999999999999 0.0004 0)
(0.0104 0.0004000000000000001 0)
(0.0112 0.0004 0)
(0.012 0.0004 0)
(0.0128 0.0004 0)
(0.0136 0.0004 0)
(0.0144 0.0004000000000000001 0)
(0.0152 0.0004000000000000001 0)
(0.016 0.0004000000000000001 0)
(0.0168 0.0004 0)
(0.0176 0.0004000000000000001 0)
(0.0184 0.0004000000000000001 0)
(0.0192 0.0004 0)
(0.02 0.0004 0)
(0.0208 0.0004 0)
(0.0216 0.0004 0)
(0.02240000000000001 0.0004 0)
(0.0232 0.0004000000000000001 0)
(0.024 0.0004 0)
(0.0248 0.0004 0)
(0.0256 0.0004000000000000001 0)
(0.0264 0.0004000000000000001 0)
(0.0272 0.0004000000000000001 0)
(0.028 0.0004000000000000001 0)
(0.0288 0.0004000000000000001 0)
(0.0296 0.0004000000000000001 0)
(0.0304 0.0004000000000000001 0)
(0.0312 0.0004000000000000001 0)
(0.032 0.0004000000000000001 0)
(0.0328 0.0004000000000000001 0)
(0.0336 0.0004000000000000001 0)
(0.0344 0.0004000000000000001 0)
(0.0352 0.0004000000000000001 0)
(0.036 0.0004000000000000001 0)
(0.03680000000000001 0.0004000000000000001 0)
(0.0376 0.0004000000000000001 0)
(0.0384 0.0004 0)
(0.03920000000000001 0.0004000000000000001 0)
(0.04 0.0004000000000000001 0)
(0 0.0008000000000000001 0)
(0.0008000000000000001 0.0008000000000000001 0)
(0.0016 0.0008000000000000001 0)
(0.0024 0.0008000000000000001 0)
(0.003200000000000001 0.0008000000000000001 0)
(0.004 0.0008000000000000001 0)
(0.0048 0.0008000000000000001 0)
(0.005600000000000002 0.0008000000000000001 0)
(0.006400000000000001 0.0008000000000000001 0)
(0.0072 0.0007999999999999999 0)
(0.008 0.0007999999999999999 0)
(0.008800000000000001 0.0007999999999999999 0)
(0.009600000000000001 0.0007999999999999999 0)
(0.0104 0.0007999999999999998 0)
(0.0112 0.0007999999999999999 0)
(0.012 0.0007999999999999999 0)
(0.0128 0.0008000000000000001 0)
(0.0136 0.0007999999999999999 0)
(0.0144 0.0008000000000000001 0)
(0.0152 0.0008000000000000001 0)
(0.016 0.0007999999999999999 0)
(0.0168 0.0007999999999999998 0)
(0.0176 0.0008000000000000001 0)
(0.0184 0.0007999999999999999 0)
(0.0192 0.0007999999999999999 0)
(0.02 0.0007999999999999999 0)
(0.02080000000000001 0.0007999999999999999 0)
(0.0216 0.0007999999999999999 0)
(0.0224 0.0007999999999999999 0)
(0.0232 0.0008000000000000001 0)
(0.024 0.0007999999999999999 0)
(0.0248 0.0007999999999999999 0)
(0.0256 0.0007999999999999999 0)
(0.02640000000000001 0.0007999999999999999 0)
(0.0272 0.0008000000000000001 0)
(0.028 0.0007999999999999999 0)
(0.0288 0.0008000000000000001 0)
(0.0296 0.0007999999999999999 0)
(0.0304 0.0008000000000000001 0)
(0.0312 0.0008000000000000001 0)
(0.032 0.0008000000000000001 0)
(0.0328 0.0008000000000000001 0)
(0.0336 0.0008000000000000001 0)
(0.0344 0.0008000000000000001 0)
(0.0352 0.0008000000000000001 0)
(0.03600000000000001 0.0008000000000000001 0)
(0.03680000000000001 0.0008000000000000001 0)
(0.03759999999999999 0.0008000000000000001 0)
(0.0384 0.0007999999999999999 0)
(0.0392 0.0008000000000000001 0)
(0.04000000000000001 0.0008000000000000001 0)
(0 0.0012 0)
(0.0008000000000000001 0.0012 0)
(0.0016 0.0012 0)
(0.0024 0.0012 0)
(0.003200000000000001 0.0012 0)
(0.004 0.0012 0)
(0.0048 0.0012 0)
(0.005600000000000001 0.0012 0)
(0.006400000000000001 0.0012 0)
(0.0072 0.0012 0)
(0.008 0.0012 0)
(0.008800000000000001 0.0012 0)
(0.009599999999999999 0.0012 0)
(0.0104 0.0012 0)
(0.0112 0.0012 0)
(0.012 0.0012 0)
(0.0128 0.0012 0)
(0.0136 0.0012 0)
(0.0144 0.0012 0)
(0.0152 0.0012 0)
(0.016 0.0012 0)
(0.0168 0.0012 0)
(0.0176 0.0012 0)
(0.0184 0.0012 0)
(0.0192 0.0012 0)
(0.02 0.0012 0)
(0.0208 0.0012 0)
(0.0216 0.0012 0)
(0.0224 0.0012 0)
(0.0232 0.0012 0)
(0.024 0.0012 0)
(0.0248 0.0012 0)
(0.0256 0.0012 0)
(0.02640000000000001 0.0012 0)
(0.0272 0.0012 0)
(0.028 0.0012 0)
(0.0288 0.0012 0)
(0.0296 0.0012 0)
(0.0304 0.0012 0)
(0.0312 0.0012 0)
(0.032 0.0012 0)
(0.0328 0.0012 0)
(0.0336 0.0012 0)
(0.0344 0.0012 0)
(0.0352 0.0012 0)
(0.036 0.0012 0)
(0.03680000000000001 0.0012 0)
(0.03759999999999999 0.0012 0)
(0.0384 0.0012 0)
(0.0392 0.0012 0)
(0.04 0.0012 0)
(0 0.0016 0)
(0.0008000000000000001 0.0016 0)
(0.0016 0.0016 0)
(0.0024 0.0016 0)
(0.003200000000000001 0.0016 0)
(0.004 0.0016 0)
(0.0048 0.0016 0)
(0.005600000000000002 0.0016 0)
(0.006400000000000001 0.0016 0)
(0.0072 0.0016 0)
(0.008 0.0016 0)
(0.008800000000000001 0.0016 0)
(0.009599999999999999 0.0016 0)
(0.0104 0.0016 0)
(0.0112 0.0016 0)
(0.012 0.0016 0)
(0.0128 0.0016 0)
(0.0136 0.0016 0)
(0.0144 0.0016 0)
(0.0152 0.0016 0)
(0.016 0.0016 0)
(0.0168 0.0016 0)
(0.0176 0.0016 0)
(0.0184 0.0016 0)
(0.0192 0.0016 0)
(0.02 0.0016 0)
(0.0208 0.0016 0)
(0.0216 0.0016 0)
(0.0224 0.0016 0)
(0.0232 0.0016 0)
(0.024 0.0016 0)
(0.0248 0.0016 0)
(0.0256 0.0016 0)
(0.0264 0.0016 0)
(0.0272 0.0016 0)
(0.028 0.0016 0)
(0.0288 0.0016 0)
(0.0296 0.0016 0)
(0.0304 0.0016 0)
(0.0312 0.0016 0)
(0.032 0.0016 0)
(0.0328 0.0016 0)
(0.0336 0.0016 0)
(0.0344 0.0016 0)
(0.0352 0.0016 0)
(0.03600000000000001 0.0016 0)
(0.03680000000000001 0.0016 0)
(0.0376 0.0016 0)
(0.0384 0.0016 0)
(0.03920000000000001 0.0016 0)
(0.04 0.0016 0)
(0 0.002 0)
(0.0008000000000000001 0.002 0)
(0.0016 0.002 0)
(0.0024 0.002 0)
(0.003200000000000001 0.002 0)
(0.004000000000000001 0.002 0)
(0.0048 0.002 0)
(0.005600000000000001 0.002 0)
(0.006400000000000001 0.002 0)
(0.007199999999999999 0.002 0)
(0.008 0.002 0)
(0.008799999999999999 0.002 0)
(0.009599999999999999 0.002 0)
(0.0104 0.002 0)
(0.0112 0.002 0)
(0.012 0.002 0)
(0.0128 0.002 0)
(0.0136 0.002 0)
(0.0144 0.002 0)
(0.0152 0.002 0)
(0.016 0.002 0)
(0.0168 0.002 0)
(0.0176 0.002 0)
(0.0184 0.002 0)
(0.0192 0.002 0)
(0.02 0.002 0)
(0.0208 0.002 0)
(0.0216 0.002 0)
(0.0224 0.002 0)
(0.0232 0.002 0)
(0.024 0.002 0)
(0.0248 0.002 0)
(0.0256 0.002 0)
(0.02640000000000001 0.002 0)
(0.0272 0.002 0)
(0.028 0.002 0)
(0.0288 0.002 0)
(0.0296 0.002 0)
(0.0304 0.002 0)
(0.0312 0.002 0)
(0.03200000000000001 0.002 0)
(0.0328 0.002 0)
(0.0336 0.002 0)
(0.03440000000000001 0.002 0)
(0.0352 0.002 0)
(0.03600000000000001 0.002 0)
(0.03680000000000001 0.002 0)
(0.03759999999999999 0.002 0)
(0.0384 0.002 0)
(0.03920000000000001 0.002 0)
(0.04 0.002 0)
(0 0.0024 0)
(0.0008000000000000001 0.0024 0)
(0.0016 0.0024 0)
(0.0024 0.0024 0)
(0.003200000000000001 0.0024 0)
(0.004 0.0024 0)
(0.0048 0.0024 0)
(0.005600000000000001 0.0024 0)
(0.006400000000000001 0.0024 0)
(0.0072 0.0024 0)
(0.007999999999999998 0.0024 0)
(0.008800000000000002 0.0024 0)
(0.009599999999999999 0.0024 0)
(0.0104 0.0024 0)
(0.0112 0.0024 0)
(0.012 0.0024 0)
(0.0128 0.0024 0)
(0.0136 0.0024 0)
(0.0144 0.0024 0)
(0.0152 0.0024 0)
(0.016 0.0024 0)
(0.0168 0.0024 0)
(0.0176 0.0024 0)
(0.0184 0.0024 0)
(0.0192 0.0024 0)
(0.02 0.0024 0)
(0.0208 0.0024 0)
(0.0216 0.0024 0)
(0.0224 0.0024 0)
(0.02319999999999999 0.0024 0)
(0.024 0.0024 0)
(0.0248 0.0024 0)
(0.0256 0.0024 0)
(0.0264 0.0024 0)
(0.0272 0.0024 0)
(0.028 0.0024 0)
(0.0288 0.0024 0)
(0.0296 0.0024 0)
(0.0304 0.0024 0)
(0.0312 0.0024 0)
(0.032 0.0024 0)
(0.0328 0.0024 0)
(0.0336 0.0024 0)
(0.0344 0.0024 0)
(0.03520000000000001 0.0024 0)
(0.036 0.0024 0)
(0.03680000000000001 0.0024 0)
(0.03759999999999999 0.0024 0)
(0.0384 0.0024 0)
(0.03920000000000001 0.0024 0)
(0.04 0.0024 0)
(0 0.0028 0)
(0.0008000000000000001 0.0028 0)
(0.0016 0.002800000000000001 0)
(0.0024 0.0028 0)
(0.003200000000000001 0.002800000000000001 0)
(0.004 0.002800000000000001 0)
(0.0048 0.002800000000000001 0)
(0.005600000000000001 0.002800000000000001 0)
(0.006400000000000001 0.002800000000000001 0)
(0.007199999999999999 0.0028 0)
(0.008 0.002800000000000001 0)
(0.008799999999999999 0.0028 0)
(0.009599999999999999 0.0028 0)
(0.0104 0.0028 0)
(0.0112 0.0028 0)
(0.012 0.0028 0)
(0.0128 0.0028 0)
(0.0136 0.0028 0)
(0.0144 0.0028 0)
(0.0152 0.0028 0)
(0.016 0.0028 0)
(0.0168 0.002800000000000001 0)
(0.0176 0.0028 0)
(0.0184 0.0028 0)
(0.0192 0.0028 0)
(0.02 0.0028 0)
(0.0208 0.002800000000000001 0)
(0.0216 0.0028 0)
(0.0224 0.0028 0)
(0.0232 0.0028 0)
(0.024 0.002800000000000001 0)
(0.0248 0.0028 0)
(0.0256 0.002800000000000001 0)
(0.0264 0.0028 0)
(0.0272 0.002800000000000001 0)
(0.028 0.0028 0)
(0.0288 0.0028 0)
(0.0296 0.0028 0)
(0.0304 0.0028 0)
(0.0312 0.0028 0)
(0.032 0.0028 0)
(0.0328 0.0028 0)
(0.0336 0.0028 0)
(0.0344 0.0028 0)
(0.0352 0.0028 0)
(0.036 0.0028 0)
(0.03680000000000001 0.002800000000000001 0)
(0.03759999999999999 0.0028 0)
(0.0384 0.0028 0)
(0.03920000000000001 0.002800000000000001 0)
(0.04 0.0028 0)
(0 0.003200000000000001 0)
(0.0008000000000000001 0.003200000000000001 0)
(0.0016 0.0032 0)
(0.0024 0.003200000000000001 0)
(0.003200000000000001 0.003200000000000001 0)
(0.003999999999999999 0.003200000000000001 0)
(0.0048 0.003200000000000001 0)
(0.005600000000000001 0.003200000000000001 0)
(0.006400000000000001 0.003200000000000001 0)
(0.0072 0.0032 0)
(0.007999999999999998 0.0032 0)
(0.008799999999999999 0.0032 0)
(0.009599999999999999 0.003200000000000001 0)
(0.0104 0.0032 0)
(0.0112 0.0032 0)
(0.012 0.0032 0)
(0.0128 0.0032 0)
(0.0136 0.003200000000000001 0)
(0.0144 0.003200000000000001 0)
(0.0152 0.003200000000000001 0)
(0.016 0.003200000000000001 0)
(0.0168 0.003200000000000001 0)
(0.0176 0.003200000000000001 0)
(0.0184 0.0032 0)
(0.0192 0.003200000000000001 0)
(0.02 0.0032 0)
(0.0208 0.0032 0)
(0.0216 0.0032 0)
(0.0224 0.0032 0)
(0.0232 0.003200000000000001 0)
(0.024 0.003200000000000001 0)
(0.0248 0.0032 0)
(0.0256 0.003200000000000001 0)
(0.0264 0.0032 0)
(0.0272 0.003200000000000001 0)
(0.028 0.003200000000000001 0)
(0.0288 0.003200000000000001 0)
(0.0296 0.003200000000000001 0)
(0.0304 0.003200000000000001 0)
(0.0312 0.003200000000000001 0)
(0.032 0.003200000000000001 0)
(0.0328 0.003200000000000001 0)
(0.0336 0.003200000000000001 0)
(0.03439999999999999 0.003200000000000001 0)
(0.0352 0.003200000000000001 0)
(0.036 0.003200000000000001 0)
(0.03680000000000001 0.003200000000000001 0)
(0.03759999999999999 0.003200000000000001 0)
(0.0384 0.003200000000000001 0)
(0.03920000000000001 0.003200000000000001 0)
(0.03999999999999999 0.003200000000000001 0)
(0 0.0036 0)
(0.0007999999999999999 0.0036 0)
(0.0016 0.0036 0)
(0.0024 0.0036 0)
(0.0032 0.0036 0)
(0.003999999999999999 0.003599999999999999 0)
(0.0048 0.0036 0)
(0.005600000000000002 0.0036 0)
(0.006399999999999999 0.003599999999999999 0)
(0.0072 0.0036 0)
(0.008 0.0036 0)
(0.008800000000000001 0.0036 0)
(0.009599999999999999 0.0036 0)
(0.0104 0.0036 0)
(0.0112 0.003599999999999999 0)
(0.012 0.0036 0)
(0.0128 0.003599999999999999 0)
(0.0136 0.0036 0)
(0.0144 0.0036 0)
(0.0152 0.0036 0)
(0.016 0.0036 0)
(0.0168 0.0036 0)
(0.0176 0.0036 0)
(0.0184 0.0036 0)
(0.0192 0.0036 0)
(0.02 0.0036 0)
(0.0208 0.0036 0)
(0.0216 0.0036 0)
(0.02240000000000001 0.0036 0)
(0.0232 0.0036 0)
(0.024 0.0036 0)
(0.0248 0.0036 0)
(0.0256 0.0036 0)
(0.0264 0.0036 0)
(0.0272 0.0036 0)
(0.028 0.0036 0)
(0.0288 0.003599999999999999 0)
(0.0296 0.0036 0)
(0.0304 0.0036 0)
(0.0312 0.0036 0)
(0.032 0.0036 0)
(0.03279999999999999 0.0036 0)
(0.0336 0.0036 0)
(0.0344 0.0036 0)
(0.0352 0.0036 0)
(0.036 0.0036 0)
(0.03680000000000001 0.0036 0)
(0.03759999999999999 0.0036 0)
(0.0384 0.0036 0)
(0.0392 0.0036 0)
(0.04 0.0036 0)
(0 0.004 0)
(0.0007999999999999999 0.004 0)
(0.0016 0.004 0)
(0.0024 0.004 0)
(0.0032 0.004 0)
(0.003999999999999999 0.004 0)
(0.0048 0.004 0)
(0.005600000000000002 0.004 0)
(0.006399999999999999 0.004 0)
(0.0072 0.004000000000000001 0)
(0.008 0.004000000000000001 0)
(0.008800000000000001 0.004000000000000001 0)
(0.009599999999999999 0.004000000000000001 0)
(0.0104 0.004 0)
(0.0112 0.004 0)
(0.012 0.004 0)
(0.0128 0.004 0)
(0.0136 0.004 0)
(0.0144 0.004 0)
(0.0152 0.004 0)
(0.016 0.004 0)
(0.0168 0.004 0)
(0.0176 0.004 0)
(0.0184 0.004 0)
(0.0192 0.004 0)
(0.02 0.004 0)
(0.0208 0.004 0)
(0.0216 0.004 0)
(0.02240000000000001 0.004 0)
(0.0232 0.004 0)
(0.024 0.004 0)
(0.0248 0.004 0)
(0.0256 0.004 0)
(0.0264 0.004 0)
(0.0272 0.004 0)
(0.028 0.004000000000000001 0)
(0.0288 0.004000000000000001 0)
(0.0296 0.004000000000000001 0)
(0.0304 0.004 0)
(0.0312 0.004 0)
(0.032 0.004 0)
(0.0328 0.004000000000000001 0)
(0.0336 0.004 0)
(0.03440000000000001 0.004000000000000001 0)
(0.0352 0.004 0)
(0.036 0.004000000000000001 0)
(0.03680000000000001 0.004 0)
(0.03759999999999999 0.004 0)
(0.0384 0.004 0)
(0.0392 0.004 0)
(0.04 0.004 0)
(0 0.0044 0)
(0.0007999999999999999 0.004399999999999999 0)
(0.0016 0.004400000000000001 0)
(0.0024 0.004399999999999999 0)
(0.0032 0.0044 0)
(0.003999999999999999 0.004399999999999999 0)
(0.0048 0.0044 0)
(0.005600000000000002 0.0044 0)
(0.006399999999999999 0.0044 0)
(0.0072 0.0044 0)
(0.008 0.004400000000000001 0)
(0.008800000000000001 0.0044 0)
(0.009600000000000001 0.004400000000000001 0)
(0.0104 0.0044 0)
(0.0112 0.004399999999999999 0)
(0.012 0.0044 0)
(0.0128 0.004399999999999999 0)
(0.0136 0.0044 0)
(0.0144 0.0044 0)
(0.0152 0.0044 0)
(0.016 0.0044 0)
(0.0168 0.004399999999999999 0)
(0.0176 0.0044 0)
(0.01840000000000001 0.0044 0)
(0.0192 0.0044 0)
(0.02 0.004399999999999999 0)
(0.0208 0.0044 0)
(0.0216 0.004399999999999999 0)
(0.02240000000000001 0.0044 0)
(0.0232 0.0044 0)
(0.024 0.0044 0)
(0.0248 0.0044 0)
(0.0256 0.0044 0)
(0.0264 0.004399999999999999 0)
(0.0272 0.0044 0)
(0.028 0.004399999999999999 0)
(0.0288 0.004399999999999999 0)
(0.0296 0.0044 0)
(0.0304 0.004400000000000001 0)
(0.0312 0.0044 0)
(0.032 0.004399999999999999 0)
(0.0328 0.0044 0)
(0.0336 0.0044 0)
(0.0344 0.004399999999999999 0)
(0.0352 0.0044 0)
(0.036 0.0044 0)
(0.03680000000000001 0.0044 0)
(0.03759999999999999 0.004399999999999999 0)
(0.0384 0.0044 0)
(0.0392 0.004399999999999999 0)
(0.04 0.0044 0)
(0 0.0048 0)
(0.0007999999999999999 0.0048 0)
(0.0016 0.0048 0)
(0.0024 0.0048 0)
(0.0032 0.0048 0)
(0.004 0.0048 0)
(0.0048 0.0048 0)
(0.005600000000000002 0.0048 0)
(0.006399999999999999 0.0048 0)
(0.0072 0.0048 0)
(0.008 0.0048 0)
(0.008800000000000001 0.0048 0)
(0.009599999999999999 0.0048 0)
(0.0104 0.0048 0)
(0.0112 0.0048 0)
(0.012 0.0048 0)
(0.0128 0.0048 0)
(0.0136 0.0048 0)
(0.0144 0.0048 0)
(0.0152 0.0048 0)
(0.016 0.0048 0)
(0.0168 0.0048 0)
(0.0176 0.0048 0)
(0.0184 0.0048 0)
(0.0192 0.0048 0)
(0.02 0.0048 0)
(0.0208 0.0048 0)
(0.0216 0.0048 0)
(0.02240000000000001 0.0048 0)
(0.0232 0.0048 0)
(0.024 0.0048 0)
(0.0248 0.0048 0)
(0.0256 0.0048 0)
(0.0264 0.0048 0)
(0.0272 0.0048 0)
(0.028 0.0048 0)
(0.0288 0.0048 0)
(0.0296 0.0048 0)
(0.0304 0.0048 0)
(0.0312 0.0048 0)
(0.032 0.0048 0)
(0.0328 0.0048 0)
(0.0336 0.0048 0)
(0.0344 0.0048 0)
(0.0352 0.0048 0)
(0.036 0.0048 0)
(0.03680000000000001 0.0048 0)
(0.03759999999999999 0.0048 0)
(0.0384 0.0048 0)
(0.03920000000000001 0.0048 0)
(0.04 0.0048 0)
(0 0.005200000000000001 0)
(0.0007999999999999999 0.0052 0)
(0.0016 0.005200000000000001 0)
(0.0024 0.005200000000000001 0)
(0.0032 0.005200000000000001 0)
(0.004 0.005200000000000001 0)
(0.0048 0.005200000000000001 0)
(0.005600000000000001 0.005200000000000001 0)
(0.006399999999999999 0.005200000000000001 0)
(0.0072 0.005200000000000001 0)
(0.008 0.0052 0)
(0.008800000000000001 0.005200000000000001 0)
(0.009599999999999999 0.005200000000000001 0)
(0.0104 0.005200000000000001 0)
(0.0112 0.0052 0)
(0.012 0.005200000000000001 0)
(0.0128 0.005200000000000001 0)
(0.0136 0.005200000000000001 0)
(0.0144 0.005200000000000001 0)
(0.0152 0.005200000000000001 0)
(0.016 0.005200000000000001 0)
(0.0168 0.005200000000000001 0)
(0.0176 0.005200000000000001 0)
(0.0184 0.005200000000000001 0)
(0.0192 0.005200000000000001 0)
(0.02 0.005200000000000001 0)
(0.0208 0.005200000000000001 0)
(0.0216 0.005200000000000001 0)
(0.0224 0.005200000000000001 0)
(0.0232 0.005200000000000001 0)
(0.024 0.005200000000000001 0)
(0.0248 0.005200000000000001 0)
(0.0256 0.005200000000000001 0)
(0.02640000000000001 0.005200000000000001 0)
(0.0272 0.005200000000000001 0)
(0.028 0.005200000000000001 0)
(0.0288 0.005200000000000001 0)
(0.0296 0.005200000000000001 0)
(0.0304 0.005200000000000001 0)
(0.0312 0.005200000000000001 0)
(0.032 0.005200000000000001 0)
(0.0328 0.005200000000000001 0)
(0.0336 0.005200000000000001 0)
(0.0344 0.005200000000000001 0)
(0.0352 0.005200000000000001 0)
(0.036 0.005200000000000001 0)
(0.03680000000000001 0.005200000000000001 0)
(0.03759999999999999 0.005200000000000001 0)
(0.0384 0.005200000000000001 0)
(0.03920000000000001 0.005200000000000001 0)
(0.04 0.005200000000000001 0)
(0 0.005600000000000001 0)
(0.0007999999999999999 0.005600000000000001 0)
(0.0016 0.005600000000000002 0)
(0.0024 0.005600000000000002 0)
(0.0032 0.005600000000000002 0)
(0.003999999999999999 0.005600000000000002 0)
(0.0048 0.005600000000000002 0)
(0.005600000000000001 0.005600000000000002 0)
(0.006399999999999999 0.005600000000000002 0)
(0.0072 0.005599999999999999 0)
(0.008 0.005600000000000002 0)
(0.008800000000000001 0.005599999999999999 0)
(0.009599999999999999 0.005600000000000001 0)
(0.0104 0.005599999999999999 0)
(0.0112 0.005600000000000001 0)
(0.012 0.005599999999999999 0)
(0.0128 0.005600000000000001 0)
(0.0136 0.005599999999999999 0)
(0.0144 0.005600000000000001 0)
(0.0152 0.005600000000000001 0)
(0.016 0.005600000000000001 0)
(0.0168 0.005600000000000002 0)
(0.0176 0.005600000000000001 0)
(0.0184 0.005600000000000001 0)
(0.0192 0.005600000000000001 0)
(0.02 0.005600000000000001 0)
(0.0208 0.005600000000000002 0)
(0.0216 0.005600000000000001 0)
(0.0224 0.005600000000000001 0)
(0.0232 0.005600000000000001 0)
(0.024 0.005600000000000002 0)
(0.0248 0.005600000000000001 0)
(0.0256 0.005600000000000002 0)
(0.0264 0.005600000000000001 0)
(0.0272 0.005600000000000002 0)
(0.028 0.005600000000000001 0)
(0.0288 0.005600000000000001 0)
(0.0296 0.005600000000000001 0)
(0.0304 0.005600000000000001 0)
(0.0312 0.005600000000000001 0)
(0.032 0.005600000000000001 0)
(0.0328 0.005600000000000001 0)
(0.0336 0.005600000000000001 0)
(0.0344 0.005600000000000001 0)
(0.0352 0.005600000000000001 0)
(0.036 0.005600000000000001 0)
(0.03680000000000001 0.005600000000000002 0)
(0.03759999999999999 0.005599999999999999 0)
(0.0384 0.005600000000000001 0)
(0.0392 0.005600000000000002 0)
(0.04 0.005600000000000001 0)
(0 0.006 0)
(0.0008000000000000001 0.005999999999999999 0)
(0.0016 0.006 0)
(0.0024 0.006 0)
(0.003200000000000001 0.006 0)
(0.004 0.006 0)
(0.0048 0.006000000000000001 0)
(0.005600000000000001 0.006 0)
(0.006400000000000001 0.006 0)
(0.0072 0.006 0)
(0.008 0.006 0)
(0.008800000000000001 0.006 0)
(0.009599999999999999 0.006 0)
(0.0104 0.006 0)
(0.0112 0.006 0)
(0.012 0.006 0)
(0.0128 0.006 0)
(0.0136 0.006 0)
(0.0144 0.006 0)
(0.0152 0.006 0)
(0.016 0.006 0)
(0.0168 0.006 0)
(0.0176 0.006000000000000001 0)
(0.0184 0.006000000000000001 0)
(0.0192 0.006 0)
(0.02 0.006 0)
(0.0208 0.006 0)
(0.0216 0.006 0)
(0.0224 0.006 0)
(0.0232 0.006 0)
(0.024 0.006 0)
(0.0248 0.006 0)
(0.0256 0.006 0)
(0.0264 0.006 0)
(0.0272 0.005999999999999999 0)
(0.028 0.006 0)
(0.0288 0.006 0)
(0.0296 0.006 0)
(0.0304 0.006 0)
(0.0312 0.006 0)
(0.032 0.006 0)
(0.0328 0.006000000000000001 0)
(0.0336 0.006 0)
(0.03440000000000001 0.006 0)
(0.0352 0.006 0)
(0.036 0.006 0)
(0.03680000000000001 0.006 0)
(0.03759999999999999 0.006 0)
(0.0384 0.006 0)
(0.03920000000000001 0.006 0)
(0.04 0.006 0)
(0 0.006400000000000001 0)
(0.0008000000000000001 0.006400000000000001 0)
(0.0016 0.006399999999999999 0)
(0.0024 0.006400000000000001 0)
(0.003200000000000001 0.006400000000000001 0)
(0.004 0.006400000000000001 0)
(0.0048 0.006400000000000001 0)
(0.005600000000000001 0.006400000000000001 0)
(0.006400000000000001 0.006400000000000001 0)
(0.0072 0.006399999999999999 0)
(0.008 0.006399999999999999 0)
(0.008800000000000001 0.006399999999999999 0)
(0.009599999999999999 0.006399999999999999 0)
(0.0104 0.006399999999999999 0)
(0.0112 0.006399999999999999 0)
(0.012 0.006399999999999999 0)
(0.0128 0.006399999999999999 0)
(0.0136 0.006399999999999999 0)
(0.0144 0.006400000000000001 0)
(0.0152 0.006400000000000001 0)
(0.016 0.006400000000000001 0)
(0.0168 0.006400000000000001 0)
(0.0176 0.006400000000000001 0)
(0.0184 0.006399999999999999 0)
(0.0192 0.006399999999999999 0)
(0.02 0.006399999999999999 0)
(0.0208 0.006399999999999999 0)
(0.0216 0.006399999999999999 0)
(0.0224 0.006399999999999999 0)
(0.0232 0.006400000000000001 0)
(0.024 0.006399999999999999 0)
(0.0248 0.006400000000000001 0)
(0.0256 0.006399999999999999 0)
(0.0264 0.006399999999999999 0)
(0.0272 0.006400000000000001 0)
(0.028 0.006400000000000001 0)
(0.0288 0.006400000000000001 0)
(0.0296 0.006400000000000001 0)
(0.0304 0.006400000000000001 0)
(0.0312 0.006400000000000001 0)
(0.032 0.006400000000000001 0)
(0.03279999999999999 0.006400000000000001 0)
(0.0336 0.006400000000000001 0)
(0.0344 0.006400000000000001 0)
(0.0352 0.006400000000000001 0)
(0.03600000000000001 0.006400000000000001 0)
(0.03680000000000001 0.006400000000000001 0)
(0.03759999999999999 0.006400000000000001 0)
(0.0384 0.006399999999999999 0)
(0.0392 0.006400000000000001 0)
(0.04 0.006400000000000001 0)
(0 0.0068 0)
(0.0008000000000000001 0.0068 0)
(0.0016 0.0068 0)
(0.0024 0.0068 0)
(0.003200000000000001 0.0068 0)
(0.004 0.0068 0)
(0.0048 0.006800000000000001 0)
(0.005600000000000002 0.0068 0)
(0.006400000000000001 0.0068 0)
(0.0072 0.006800000000000001 0)
(0.008 0.0068 0)
(0.008799999999999999 0.006800000000000001 0)
(0.009599999999999999 0.0068 0)
(0.0104 0.0068 0)
(0.0112 0.0068 0)
(0.012 0.0068 0)
(0.0128 0.0068 0)
(0.0136 0.0068 0)
(0.0144 0.0068 0)
(0.0152 0.0068 0)
(0.016 0.0068 0)
(0.0168 0.006800000000000001 0)
(0.0176 0.0068 0)
(0.0184 0.0068 0)
(0.0192 0.0068 0)
(0.02 0.0068 0)
(0.0208 0.0068 0)
(0.0216 0.0068 0)
(0.0224 0.0068 0)
(0.0232 0.0068 0)
(0.024 0.0068 0)
(0.0248 0.0068 0)
(0.0256 0.0068 0)
(0.0264 0.0068 0)
(0.0272 0.0068 0)
(0.028 0.0068 0)
(0.0288 0.0068 0)
(0.0296 0.0068 0)
(0.0304 0.0068 0)
(0.0312 0.0068 0)
(0.032 0.0068 0)
(0.0328 0.0068 0)
(0.0336 0.0068 0)
(0.0344 0.0068 0)
(0.0352 0.0068 0)
(0.036 0.0068 0)
(0.03680000000000001 0.0068 0)
(0.03759999999999999 0.0068 0)
(0.0384 0.0068 0)
(0.0392 0.0068 0)
(0.04 0.0068 0)
(0 0.0072 0)
(0.0007999999999999999 0.0072 0)
(0.0016 0.0072 0)
(0.0024 0.0072 0)
(0.0032 0.0072 0)
(0.004 0.007200000000000001 0)
(0.0048 0.0072 0)
(0.005600000000000001 0.0072 0)
(0.006399999999999999 0.0072 0)
(0.007199999999999999 0.0072 0)
(0.008 0.0072 0)
(0.008799999999999999 0.0072 0)
(0.009599999999999999 0.007200000000000001 0)
(0.0104 0.0072 0)
(0.0112 0.007199999999999999 0)
(0.012 0.0072 0)
(0.0128 0.007200000000000001 0)
(0.0136 0.0072 0)
(0.0144 0.0072 0)
(0.0152 0.0072 0)
(0.016 0.0072 0)
(0.0168 0.007200000000000001 0)
(0.0176 0.0072 0)
(0.0184 0.007200000000000001 0)
(0.0192 0.0072 0)
(0.02 0.007200000000000001 0)
(0.0208 0.0072 0)
(0.0216 0.007200000000000001 0)
(0.0224 0.0072 0)
(0.0232 0.007200000000000001 0)
(0.024 0.0072 0)
(0.0248 0.0072 0)
(0.0256 0.0072 0)
(0.0264 0.0072 0)
(0.0272 0.0072 0)
(0.028 0.0072 0)
(0.0288 0.007199999999999999 0)
(0.0296 0.0072 0)
(0.0304 0.007200000000000001 0)
(0.0312 0.0072 0)
(0.032 0.007199999999999999 0)
(0.0328 0.0072 0)
(0.0336 0.007200000000000001 0)
(0.0344 0.0072 0)
(0.0352 0.0072 0)
(0.036 0.0072 0)
(0.03680000000000001 0.0072 0)
(0.03759999999999999 0.007200000000000001 0)
(0.0384 0.0072 0)
(0.03920000000000001 0.007200000000000001 0)
(0.04 0.0072 0)
(0 0.007599999999999999 0)
(0.0007999999999999999 0.007599999999999999 0)
(0.0016 0.007600000000000001 0)
(0.0024 0.007599999999999999 0)
(0.0032 0.007600000000000001 0)
(0.004000000000000001 0.007600000000000001 0)
(0.0048 0.007599999999999999 0)
(0.005600000000000001 0.007599999999999999 0)
(0.006399999999999999 0.007599999999999999 0)
(0.007200000000000001 0.007600000000000002 0)
(0.008000000000000002 0.007600000000000002 0)
(0.008800000000000002 0.007600000000000001 0)
(0.009599999999999999 0.007600000000000001 0)
(0.0104 0.007599999999999999 0)
(0.0112 0.007600000000000001 0)
(0.012 0.007599999999999999 0)
(0.0128 0.007599999999999999 0)
(0.0136 0.007599999999999999 0)
(0.0144 0.007600000000000001 0)
(0.0152 0.007600000000000001 0)
(0.016 0.007599999999999999 0)
(0.0168 0.007600000000000001 0)
(0.0176 0.007600000000000001 0)
(0.0184 0.007600000000000001 0)
(0.0192 0.007599999999999999 0)
(0.02 0.007600000000000001 0)
(0.0208 0.007600000000000001 0)
(0.0216 0.007599999999999999 0)
(0.0224 0.007600000000000001 0)
(0.0232 0.007599999999999999 0)
(0.024 0.007599999999999999 0)
(0.0248 0.007599999999999999 0)
(0.0256 0.007600000000000001 0)
(0.02640000000000001 0.007600000000000001 0)
(0.0272 0.007599999999999999 0)
(0.028 0.007600000000000001 0)
(0.0288 0.007600000000000001 0)
(0.0296 0.007599999999999999 0)
(0.0304 0.007600000000000001 0)
(0.0312 0.007600000000000001 0)
(0.03200000000000001 0.007600000000000001 0)
(0.0328 0.007599999999999999 0)
(0.0336 0.007600000000000001 0)
(0.0344 0.007599999999999999 0)
(0.03520000000000001 0.007600000000000001 0)
(0.036 0.007599999999999999 0)
(0.03680000000000001 0.007600000000000001 0)
(0.03759999999999999 0.007599999999999999 0)
(0.0384 0.007599999999999999 0)
(0.03920000000000001 0.007600000000000001 0)
(0.04 0.007599999999999999 0)
(0 0.008 0)
(0.0007999999999999999 0.008 0)
(0.0016 0.008 0)
(0.0024 0.008 0)
(0.0032 0.008 0)
(0.004000000000000001 0.008 0)
(0.0048 0.008 0)
(0.005600000000000001 0.008 0)
(0.006399999999999999 0.008 0)
(0.0072 0.008000000000000002 0)
(0.008000000000000002 0.008000000000000002 0)
(0.008799999999999999 0.008000000000000002 0)
(0.009599999999999999 0.008000000000000002 0)
(0.0104 0.008 0)
(0.0112 0.008 0)
(0.012 0.008 0)
(0.0128 0.008000000000000002 0)
(0.0136 0.008 0)
(0.0144 0.008 0)
(0.0152 0.008 0)
(0.016 0.008 0)
(0.0168 0.008 0)
(0.0176 0.008 0)
(0.0184 0.008 0)
(0.0192 0.008 0)
(0.02 0.008 0)
(0.0208 0.008 0)
(0.0216 0.008 0)
(0.0224 0.008 0)
(0.0232 0.008 0)
(0.024 0.008 0)
(0.0248 0.008 0)
(0.0256 0.008 0)
(0.02640000000000001 0.008 0)
(0.0272 0.008 0)
(0.028 0.008 0)
(0.0288 0.008 0)
(0.0296 0.008 0)
(0.0304 0.008 0)
(0.0312 0.008 0)
(0.03200000000000001 0.008 0)
(0.0328 0.008000000000000002 0)
(0.0336 0.008 0)
(0.0344 0.008000000000000002 0)
(0.0352 0.008 0)
(0.036 0.008000000000000002 0)
(0.03680000000000001 0.008 0)
(0.03759999999999999 0.008 0)
(0.0384 0.008 0)
(0.03920000000000001 0.008 0)
(0.04 0.008 0)
(0 0.008400000000000001 0)
(0.0008000000000000001 0.008399999999999999 0)
(0.0016 0.008399999999999999 0)
(0.0024 0.008400000000000001 0)
(0.003200000000000001 0.008400000000000001 0)
(0.004 0.008400000000000001 0)
(0.0048 0.008400000000000001 0)
(0.005600000000000002 0.008400000000000001 0)
(0.006400000000000001 0.008400000000000001 0)
(0.007200000000000001 0.008400000000000001 0)
(0.008 0.008400000000000001 0)
(0.008800000000000001 0.008400000000000001 0)
(0.009599999999999999 0.008400000000000001 0)
(0.0104 0.008400000000000001 0)
(0.0112 0.008400000000000001 0)
(0.012 0.008400000000000001 0)
(0.0128 0.008400000000000001 0)
(0.0136 0.008400000000000001 0)
(0.0144 0.008400000000000001 0)
(0.0152 0.008400000000000001 0)
(0.016 0.008400000000000001 0)
(0.0168 0.008400000000000001 0)
(0.0176 0.008400000000000001 0)
(0.01840000000000001 0.008400000000000001 0)
(0.0192 0.008400000000000001 0)
(0.02 0.008400000000000001 0)
(0.0208 0.008400000000000001 0)
(0.0216 0.008400000000000001 0)
(0.02240000000000001 0.008400000000000001 0)
(0.0232 0.008400000000000001 0)
(0.024 0.008400000000000001 0)
(0.0248 0.008400000000000001 0)
(0.0256 0.008400000000000001 0)
(0.02640000000000001 0.008400000000000001 0)
(0.0272 0.008400000000000001 0)
(0.028 0.008400000000000001 0)
(0.0288 0.008400000000000001 0)
(0.0296 0.008400000000000001 0)
(0.0304 0.008400000000000001 0)
(0.0312 0.008400000000000001 0)
(0.032 0.008400000000000001 0)
(0.0328 0.008400000000000001 0)
(0.0336 0.008400000000000001 0)
(0.0344 0.008400000000000001 0)
(0.0352 0.008400000000000001 0)
(0.036 0.008400000000000001 0)
(0.03680000000000001 0.008400000000000001 0)
(0.0376 0.008400000000000001 0)
(0.0384 0.008399999999999999 0)
(0.03920000000000001 0.008400000000000001 0)
(0.04 0.008400000000000001 0)
(0 0.008800000000000001 0)
(0.0008000000000000001 0.008799999999999999 0)
(0.0016 0.008800000000000001 0)
(0.0024 0.008799999999999999 0)
(0.003200000000000001 0.008800000000000001 0)
(0.004 0.008799999999999999 0)
(0.0048 0.008800000000000001 0)
(0.005600000000000002 0.008800000000000001 0)
(0.006400000000000001 0.008800000000000001 0)
(0.0072 0.008800000000000001 0)
(0.008 0.008800000000000002 0)
(0.008800000000000001 0.008800000000000001 0)
(0.009599999999999999 0.008800000000000002 0)
(0.0104 0.008800000000000001 0)
(0.0112 0.008799999999999999 0)
(0.012 0.008800000000000001 0)
(0.0128 0.008799999999999999 0)
(0.0136 0.008800000000000001 0)
(0.0144 0.008800000000000001 0)
(0.0152 0.008800000000000001 0)
(0.016 0.008800000000000001 0)
(0.0168 0.008799999999999999 0)
(0.0176 0.008800000000000001 0)
(0.0184 0.008800000000000001 0)
(0.0192 0.008800000000000001 0)
(0.02 0.008799999999999999 0)
(0.0208 0.008800000000000001 0)
(0.0216 0.008799999999999999 0)
(0.02240000000000001 0.008800000000000001 0)
(0.0232 0.008800000000000001 0)
(0.024 0.008800000000000001 0)
(0.0248 0.008800000000000001 0)
(0.0256 0.008800000000000001 0)
(0.0264 0.008800000000000001 0)
(0.0272 0.008800000000000001 0)
(0.028 0.008800000000000001 0)
(0.0288 0.008799999999999999 0)
(0.0296 0.008800000000000001 0)
(0.0304 0.008800000000000002 0)
(0.0312 0.008800000000000001 0)
(0.032 0.008799999999999999 0)
(0.03279999999999999 0.008800000000000001 0)
(0.0336 0.008800000000000001 0)
(0.0344 0.008800000000000001 0)
(0.0352 0.008800000000000001 0)
(0.036 0.008800000000000001 0)
(0.03680000000000001 0.008800000000000001 0)
(0.03759999999999999 0.008799999999999999 0)
(0.0384 0.008800000000000001 0)
(0.0392 0.008799999999999999 0)
(0.04 0.008800000000000001 0)
(0 0.009200000000000002 0)
(0.0008000000000000001 0.009200000000000002 0)
(0.0016 0.009200000000000002 0)
(0.0024 0.0092 0)
(0.003200000000000001 0.009200000000000002 0)
(0.004 0.009200000000000003 0)
(0.0048 0.009200000000000002 0)
(0.005600000000000002 0.009200000000000002 0)
(0.006400000000000001 0.009200000000000002 0)
(0.0072 0.009200000000000002 0)
(0.008 0.009200000000000002 0)
(0.008800000000000001 0.009200000000000002 0)
(0.009599999999999999 0.0092 0)
(0.0104 0.009200000000000002 0)
(0.0112 0.009200000000000002 0)
(0.012 0.009200000000000002 0)
(0.0128 0.009200000000000002 0)
(0.0136 0.009200000000000002 0)
(0.0144 0.009200000000000002 0)
(0.0152 0.009200000000000002 0)
(0.016 0.009200000000000002 0)
(0.01680000000000001 0.009200000000000002 0)
(0.0176 0.009200000000000002 0)
(0.01840000000000001 0.009200000000000002 0)
(0.0192 0.009200000000000002 0)
(0.02 0.009200000000000002 0)
(0.0208 0.009200000000000002 0)
(0.0216 0.009200000000000002 0)
(0.02240000000000001 0.009200000000000002 0)
(0.0232 0.009200000000000002 0)
(0.024 0.009200000000000002 0)
(0.0248 0.009200000000000002 0)
(0.0256 0.009200000000000002 0)
(0.02640000000000001 0.009200000000000002 0)
(0.0272 0.009200000000000002 0)
(0.028 0.009200000000000002 0)
(0.0288 0.009200000000000002 0)
(0.0296 0.009200000000000002 0)
(0.0304 0.009200000000000002 0)
(0.0312 0.009200000000000002 0)
(0.032 0.009200000000000002 0)
(0.0328 0.009200000000000002 0)
(0.0336 0.009200000000000002 0)
(0.0344 0.009200000000000002 0)
(0.0352 0.009200000000000002 0)
(0.036 0.009200000000000002 0)
(0.03680000000000001 0.009200000000000002 0)
(0.03759999999999999 0.009200000000000002 0)
(0.0384 0.009200000000000002 0)
(0.0392 0.009200000000000002 0)
(0.04 0.009200000000000002 0)
(0 0.009599999999999999 0)
(0.0007999999999999999 0.009599999999999999 0)
(0.0016 0.009599999999999999 0)
(0.0024 0.009599999999999999 0)
(0.0032 0.009600000000000001 0)
(0.004 0.009600000000000001 0)
(0.0048 0.009600000000000001 0)
(0.005600000000000002 0.009600000000000001 0)
(0.006400000000000001 0.009600000000000001 0)
(0.0072 0.009600000000000001 0)
(0.008 0.009600000000000001 0)
(0.008800000000000001 0.009600000000000001 0)
(0.009599999999999999 0.009599999999999999 0)
(0.0104 0.009599999999999999 0)
(0.0112 0.009599999999999999 0)
(0.012 0.009599999999999999 0)
(0.0128 0.009599999999999999 0)
(0.0136 0.009599999999999999 0)
(0.0144 0.009599999999999999 0)
(0.0152 0.009599999999999999 0)
(0.016 0.009599999999999999 0)
(0.0168 0.009599999999999999 0)
(0.0176 0.009600000000000001 0)
(0.0184 0.009599999999999999 0)
(0.0192 0.009599999999999999 0)
(0.02 0.009599999999999999 0)
(0.0208 0.009599999999999999 0)
(0.0216 0.009599999999999999 0)
(0.02240000000000001 0.009599999999999999 0)
(0.0232 0.009599999999999999 0)
(0.024 0.009599999999999999 0)
(0.0248 0.009599999999999999 0)
(0.0256 0.009599999999999999 0)
(0.02640000000000001 0.009599999999999999 0)
(0.0272 0.009599999999999999 0)
(0.028 0.009599999999999999 0)
(0.0288 0.009599999999999999 0)
(0.0296 0.009599999999999999 0)
(0.0304 0.009599999999999999 0)
(0.0312 0.009599999999999999 0)
(0.032 0.009599999999999999 0)
(0.0328 0.009599999999999999 0)
(0.0336 0.009599999999999999 0)
(0.03440000000000001 0.009599999999999999 0)
(0.0352 0.009599999999999999 0)
(0.036 0.009599999999999999 0)
(0.03680000000000001 0.009599999999999999 0)
(0.03759999999999999 0.009599999999999999 0)
(0.0384 0.009599999999999999 0)
(0.0392 0.009599999999999999 0)
(0.04 0.009599999999999999 0)
(0 0.01 0)
(0.0008000000000000001 0.01 0)
(0.0016 0.01 0)
(0.0024 0.01 0)
(0.003200000000000001 0.01 0)
(0.004 0.01 0)
(0.0048 0.01 0)
(0.005600000000000001 0.01 0)
(0.006400000000000001 0.01 0)
(0.0072 0.01 0)
(0.008 0.01 0)
(0.008800000000000001 0.01 0)
(0.009599999999999999 0.01 0)
(0.0104 0.01 0)
(0.0112 0.01 0)
(0.012 0.01 0)
(0.0128 0.009999999999999998 0)
(0.0136 0.01 0)
(0.0144 0.01 0)
(0.0152 0.01 0)
(0.016 0.01 0)
(0.0168 0.01 0)
(0.0176 0.01 0)
(0.0184 0.01 0)
(0.0192 0.01 0)
(0.02 0.01 0)
(0.0208 0.01 0)
(0.0216 0.01 0)
(0.0224 0.01 0)
(0.0232 0.01 0)
(0.024 0.01 0)
(0.0248 0.01 0)
(0.0256 0.01 0)
(0.0264 0.01 0)
(0.0272 0.01 0)
(0.028 0.01 0)
(0.0288 0.01 0)
(0.0296 0.01 0)
(0.0304 0.01 0)
(0.0312 0.01 0)
(0.032 0.01 0)
(0.0328 0.01 0)
(0.0336 0.01 0)
(0.0344 0.01 0)
(0.0352 0.01 0)
(0.036 0.01 0)
(0.03680000000000001 0.01 0)
(0.03759999999999999 0.01 0)
(0.0384 0.01 0)
(0.03920000000000001 0.01 0)
(0.04 0.01 0)
(0 0 0.001)
(0.0008000000000000001 0 0.001)
(0.0016 0 0.001)
(0.0024 0 0.001)
(0.003200000000000001 0 0.001)
(0.004 0 0.001)
(0.0048 0 0.001)
(0.005600000000000001 0 0.001)
(0.006400000000000001 0 0.001)
(0.0072 0 0.001)
(0.008 0 0.001)
(0.008800000000000001 0 0.001)
(0.009599999999999999 0 0.001)
(0.0104 0 0.001)
(0.0112 0 0.001)
(0.012 0 0.001)
(0.0128 0 0.0009999999999999998)
(0.0136 0 0.001)
(0.0144 0 0.001)
(0.0152 0 0.001)
(0.016 0 0.001)
(0.0168 0 0.001)
(0.0176 0 0.001)
(0.0184 0 0.001)
(0.0192 0 0.001)
(0.02 0 0.001)
(0.0208 0 0.001)
(0.0216 0 0.001)
(0.0224 0 0.001)
(0.0232 0 0.001)
(0.024 0 0.001)
(0.0248 0 0.001)
(0.0256 0 0.001)
(0.0264 0 0.001)
(0.0272 0 0.001)
(0.028 0 0.001)
(0.0288 0 0.001)
(0.0296 0 0.001)
(0.0304 0 0.001)
(0.0312 0 0.001)
(0.032 0 0.001)
(0.0328 0 0.001)
(0.0336 0 0.001)
(0.0344 0 0.001)
(0.0352 0 0.001)
(0.036 0 0.001)
(0.03680000000000001 0 0.001)
(0.03759999999999999 0 0.001)
(0.0384 0 0.001)
(0.03920000000000001 0 0.001)
(0.04 0 0.001)
(0 0.0004000000000000001 0.001)
(0.0007999999999999999 0.0004000000000000001 0.001)
(0.0016 0.0004 0.001)
(0.0024 0.0004000000000000001 0.001)
(0.0032 0.0004000000000000001 0.001)
(0.004 0.0004000000000000001 0.001)
(0.0048 0.0004000000000000001 0.001)
(0.005600000000000001 0.0004000000000000001 0.001)
(0.006400000000000001 0.0004000000000000001 0.001)
(0.0072 0.0004 0.001)
(0.008 0.0004 0.001)
(0.008800000000000001 0.0004 0.001)
(0.009599999999999999 0.0004 0.001)
(0.0104 0.0004000000000000001 0.001)
(0.0112 0.0004 0.001)
(0.012 0.0003999999999999999 0.0009999999999999998)
(0.0128 0.0004 0.001)
(0.0136 0.0003999999999999999 0.001)
(0.0144 0.0004000000000000001 0.001)
(0.0152 0.0004000000000000001 0.001)
(0.016 0.0004000000000000001 0.001)
(0.0168 0.0004 0.001)
(0.0176 0.0004000000000000001 0.001)
(0.0184 0.0004000000000000001 0.001)
(0.0192 0.0004 0.001)
(0.02 0.0004 0.001)
(0.0208 0.0004 0.001)
(0.0216 0.0004000000000000001 0.001)
(0.02240000000000001 0.0004 0.001)
(0.0232 0.0004000000000000001 0.001)
(0.024 0.0004 0.001)
(0.0248 0.0004 0.001)
(0.0256 0.0004000000000000001 0.001)
(0.0264 0.0004000000000000001 0.001)
(0.0272 0.0004000000000000001 0.001)
(0.028 0.0004 0.001)
(0.0288 0.0004 0.001)
(0.0296 0.0004000000000000001 0.001)
(0.0304 0.0004000000000000001 0.001)
(0.0312 0.0004000000000000001 0.001)
(0.032 0.0004000000000000001 0.001)
(0.0328 0.0004000000000000001 0.001)
(0.0336 0.0004000000000000001 0.001)
(0.0344 0.0004000000000000001 0.001)
(0.0352 0.0004000000000000001 0.001)
(0.036 0.0004000000000000001 0.001)
(0.03680000000000001 0.0004000000000000001 0.001)
(0.0376 0.0004000000000000001 0.001)
(0.0384 0.0004 0.001)
(0.03920000000000001 0.0004000000000000001 0.001)
(0.04 0.0004000000000000001 0.001)
(0 0.0008000000000000001 0.001)
(0.0008000000000000001 0.0008000000000000001 0.001)
(0.0016 0.0008000000000000001 0.001)
(0.0024 0.0008000000000000001 0.001)
(0.003200000000000001 0.0008000000000000001 0.001)
(0.004 0.0008000000000000001 0.001)
(0.0048 0.0008000000000000001 0.0009999999999999998)
(0.005600000000000002 0.0008000000000000001 0.001)
(0.006400000000000001 0.0008000000000000001 0.001)
(0.0072 0.0007999999999999999 0.001)
(0.008 0.0007999999999999999 0.001)
(0.008800000000000001 0.0007999999999999999 0.0009999999999999998)
(0.009600000000000001 0.0007999999999999999 0.001)
(0.0104 0.0007999999999999998 0.001)
(0.0112 0.0007999999999999999 0.001)
(0.012 0.0007999999999999998 0.001)
(0.0128 0.0008000000000000001 0.001)
(0.0136 0.0008000000000000001 0.001)
(0.0144 0.0008000000000000001 0.001)
(0.0152 0.0008000000000000001 0.001)
(0.016 0.0007999999999999999 0.001)
(0.0168 0.0007999999999999999 0.001)
(0.0176 0.0007999999999999999 0.001)
(0.0184 0.0007999999999999999 0.001)
(0.0192 0.0007999999999999999 0.001)
(0.02 0.0007999999999999999 0.001)
(0.02080000000000001 0.0007999999999999999 0.001)
(0.0216 0.0007999999999999999 0.001)
(0.0224 0.0007999999999999999 0.001)
(0.0232 0.0008000000000000001 0.001)
(0.024 0.0007999999999999998 0.001)
(0.0248 0.0007999999999999999 0.001)
(0.0256 0.0007999999999999999 0.001)
(0.02640000000000001 0.0007999999999999999 0.001)
(0.0272 0.0008000000000000001 0.001)
(0.028 0.0007999999999999999 0.001)
(0.0288 0.0007999999999999999 0.001)
(0.0296 0.0007999999999999999 0.001)
(0.0304 0.0008000000000000001 0.001)
(0.0312 0.0008000000000000001 0.0009999999999999998)
(0.032 0.0008000000000000001 0.001)
(0.0328 0.0008000000000000001 0.001)
(0.0336 0.0008000000000000001 0.001)
(0.0344 0.0008000000000000001 0.001)
(0.0352 0.0008000000000000001 0.0009999999999999998)
(0.03600000000000001 0.0008000000000000001 0.001)
(0.03680000000000001 0.0008000000000000001 0.001)
(0.03759999999999999 0.0008000000000000001 0.001)
(0.0384 0.0007999999999999999 0.001)
(0.0392 0.0008000000000000001 0.001)
(0.04000000000000001 0.0008000000000000001 0.001)
(0 0.0012 0.001)
(0.0008000000000000001 0.0012 0.001)
(0.0016 0.0012 0.001)
(0.0024 0.0012 0.001)
(0.003200000000000001 0.0012 0.0009999999999999998)
(0.004 0.0012 0.001)
(0.0048 0.0012 0.001)
(0.005600000000000001 0.0012 0.001)
(0.006400000000000001 0.0012 0.001)
(0.0072 0.0012 0.0009999999999999998)
(0.008 0.0012 0.001)
(0.008800000000000001 0.0012 0.001)
(0.009599999999999999 0.0012 0.001)
(0.0104 0.0012 0.001)
(0.0112 0.0012 0.0009999999999999998)
(0.012 0.0012 0.001)
(0.0128 0.0012 0.001)
(0.0136 0.0012 0.001)
(0.0144 0.0012 0.001)
(0.0152 0.0012 0.0009999999999999998)
(0.016 0.0012 0.001)
(0.0168 0.0012 0.0009999999999999998)
(0.0176 0.0012 0.001)
(0.0184 0.0012 0.001)
(0.0192 0.0012 0.001)
(0.02 0.0012 0.001)
(0.0208 0.0012 0.0009999999999999998)
(0.0216 0.0012 0.001)
(0.0224 0.0012 0.001)
(0.0232 0.0012 0.001)
(0.024 0.0012 0.001)
(0.0248 0.0012 0.0009999999999999998)
(0.0256 0.0012 0.001)
(0.02640000000000001 0.0012 0.001)
(0.0272 0.0012 0.001)
(0.028 0.0012 0.001)
(0.0288 0.0012 0.0009999999999999998)
(0.0296 0.0012 0.001)
(0.0304 0.0012 0.001)
(0.0312 0.0012 0.001)
(0.032 0.0012 0.001)
(0.0328 0.0012 0.0009999999999999998)
(0.0336 0.0012 0.001)
(0.0344 0.0012 0.001)
(0.0352 0.0012 0.001)
(0.036 0.0012 0.001)
(0.03680000000000001 0.0012 0.0009999999999999998)
(0.03759999999999999 0.0012 0.001)
(0.0384 0.0012 0.001)
(0.0392 0.0012 0.001)
(0.04 0.0012 0.001)
(0 0.0016 0.001)
(0.0008000000000000001 0.0016 0.001)
(0.0016 0.0016 0.001)
(0.0024 0.0016 0.0009999999999999998)
(0.003200000000000001 0.0016 0.001)
(0.004 0.0016 0.001)
(0.0048 0.0016 0.001)
(0.005600000000000002 0.0016 0.001)
(0.006400000000000001 0.0016 0.0009999999999999998)
(0.0072 0.0016 0.001)
(0.008 0.0016 0.001)
(0.008800000000000001 0.0016 0.001)
(0.009599999999999999 0.0016 0.001)
(0.0104 0.0016 0.0009999999999999998)
(0.0112 0.0016 0.001)
(0.012 0.0016 0.001)
(0.0128 0.0016 0.001)
(0.0136 0.0016 0.001)
(0.0144 0.0016 0.0009999999999999998)
(0.0152 0.0016 0.001)
(0.016 0.0016 0.001)
(0.0168 0.0016 0.001)
(0.0176 0.0016 0.001)
(0.0184 0.0016 0.0009999999999999998)
(0.0192 0.0016 0.001)
(0.02 0.0016 0.001)
(0.0208 0.0016 0.001)
(0.0216 0.0016 0.0009999999999999998)
(0.0224 0.0016 0.001)
(0.0232 0.0016 0.001)
(0.024 0.0016 0.001)
(0.0248 0.0016 0.001)
(0.0256 0.0016 0.0009999999999999998)
(0.0264 0.0016 0.0009999999999999998)
(0.0272 0.0016 0.001)
(0.028 0.0016 0.001)
(0.0288 0.0016 0.001)
(0.0296 0.0016 0.0009999999999999998)
(0.0304 0.0016 0.001)
(0.0312 0.0016 0.001)
(0.032 0.0016 0.001)
(0.0328 0.0016 0.001)
(0.0336 0.0016 0.0009999999999999998)
(0.0344 0.0016 0.001)
(0.0352 0.0016 0.0009999999999999998)
(0.03600000000000001 0.0016 0.001)
(0.03680000000000001 0.0016 0.001)
(0.0376 0.0016 0.001)
(0.0384 0.0016 0.001)
(0.03920000000000001 0.0016 0.001)
(0.04 0.0016 0.001)
(0 0.002 0.001)
(0.0008000000000000001 0.002 0.001)
(0.0016 0.002 0.001)
(0.0024 0.002 0.001)
(0.003200000000000001 0.002 0.001)
(0.004000000000000001 0.002 0.001)
(0.0048 0.002 0.001)
(0.005600000000000001 0.002 0.001)
(0.006400000000000001 0.002 0.001)
(0.007199999999999999 0.002 0.001)
(0.008 0.002 0.001)
(0.008799999999999999 0.002 0.001)
(0.009599999999999999 0.002 0.001)
(0.0104 0.002 0.001)
(0.0112 0.002 0.001)
(0.012 0.002 0.001)
(0.0128 0.002 0.001)
(0.0136 0.002 0.001)
(0.0144 0.002 0.001)
(0.0152 0.002 0.001)
(0.016 0.002 0.001)
(0.0168 0.002 0.001)
(0.0176 0.002 0.001)
(0.0184 0.002 0.001)
(0.0192 0.002 0.001)
(0.02 0.002 0.001)
(0.0208 0.002 0.001)
(0.0216 0.002 0.001)
(0.0224 0.002 0.001)
(0.0232 0.002 0.001)
(0.024 0.002 0.001)
(0.0248 0.002 0.001)
(0.0256 0.002 0.001)
(0.02640000000000001 0.002 0.001)
(0.0272 0.002 0.001)
(0.028 0.002 0.001)
(0.0288 0.002 0.001)
(0.0296 0.002 0.001)
(0.0304 0.002 0.001)
(0.0312 0.002 0.001)
(0.03200000000000001 0.002 0.001)
(0.0328 0.002 0.001)
(0.0336 0.002 0.001)
(0.03440000000000001 0.002 0.001)
(0.0352 0.002 0.001)
(0.03600000000000001 0.002 0.001)
(0.03680000000000001 0.002 0.001)
(0.03759999999999999 0.002 0.001)
(0.0384 0.002 0.001)
(0.03920000000000001 0.002 0.001)
(0.04 0.002 0.001)
(0 0.0024 0.001)
(0.0008000000000000001 0.0024 0.001)
(0.0016 0.0024 0.001)
(0.0024 0.0024 0.001)
(0.003200000000000001 0.0024 0.001)
(0.004 0.0024 0.001)
(0.0048 0.0024 0.001)
(0.005600000000000001 0.0024 0.0009999999999999998)
(0.006400000000000001 0.0024 0.001)
(0.0072 0.0024 0.001)
(0.007999999999999998 0.0024 0.001)
(0.008800000000000002 0.0024 0.0009999999999999998)
(0.009599999999999999 0.0024 0.0009999999999999998)
(0.0104 0.0024 0.001)
(0.0112 0.0024 0.001)
(0.012 0.0024 0.001)
(0.0128 0.0024 0.001)
(0.0136 0.0024 0.0009999999999999998)
(0.0144 0.0024 0.001)
(0.0152 0.0024 0.001)
(0.016 0.0024 0.001)
(0.0168 0.0024 0.001)
(0.0176 0.0024 0.001)
(0.0184 0.0024 0.001)
(0.0192 0.0024 0.001)
(0.02 0.0024 0.001)
(0.0208 0.0024 0.001)
(0.0216 0.0024 0.001)
(0.0224 0.0024 0.001)
(0.02319999999999999 0.0024 0.0009999999999999998)
(0.024 0.0024 0.001)
(0.0248 0.0024 0.001)
(0.0256 0.0024 0.001)
(0.0264 0.0024 0.0009999999999999998)
(0.0272 0.0024 0.0009999999999999998)
(0.028 0.0024 0.001)
(0.0288 0.0024 0.001)
(0.0296 0.0024 0.0009999999999999998)
(0.0304 0.0024 0.0009999999999999998)
(0.0312 0.0024 0.0009999999999999998)
(0.032 0.0024 0.001)
(0.0328 0.0024 0.001)
(0.0336 0.0024 0.001)
(0.0344 0.0024 0.0009999999999999998)
(0.03520000000000001 0.0024 0.001)
(0.036 0.0024 0.001)
(0.03680000000000001 0.0024 0.001)
(0.03759999999999999 0.0024 0.001)
(0.0384 0.0024 0.001)
(0.03920000000000001 0.0024 0.001)
(0.04 0.0024 0.001)
(0 0.0028 0.001)
(0.0008000000000000001 0.0028 0.001)
(0.0016 0.002800000000000001 0.001)
(0.0024 0.0028 0.001)
(0.003200000000000001 0.002800000000000001 0.001)
(0.004 0.002800000000000001 0.001)
(0.0048 0.002800000000000001 0.0009999999999999998)
(0.005600000000000001 0.002800000000000001 0.001)
(0.006400000000000001 0.002800000000000001 0.001)
(0.007199999999999999 0.002800000000000001 0.0009999999999999998)
(0.008 0.0028 0.001)
(0.008799999999999999 0.002800000000000001 0.0009999999999999998)
(0.009599999999999999 0.0028 0.001)
(0.0104 0.0028 0.0009999999999999998)
(0.0112 0.0028 0.0009999999999999998)
(0.012 0.0028 0.001)
(0.0128 0.0028 0.0009999999999999998)
(0.0136 0.0028 0.001)
(0.0144 0.0028 0.001)
(0.0152 0.0028 0.001)
(0.016 0.0028 0.001)
(0.0168 0.002800000000000001 0.001)
(0.0176 0.0028 0.001)
(0.0184 0.002800000000000001 0.001)
(0.0192 0.0028 0.001)
(0.02 0.0028 0.001)
(0.0208 0.002800000000000001 0.001)
(0.0216 0.0028 0.001)
(0.0224 0.0028 0.001)
(0.0232 0.0028 0.0009999999999999998)
(0.024 0.002800000000000001 0.001)
(0.0248 0.0028 0.001)
(0.0256 0.002800000000000001 0.0009999999999999998)
(0.0264 0.0028 0.001)
(0.0272 0.002800000000000001 0.0009999999999999998)
(0.028 0.0028 0.001)
(0.0288 0.0028 0.0009999999999999998)
(0.0296 0.0028 0.0009999999999999998)
(0.0304 0.0028 0.001)
(0.0312 0.0028 0.0009999999999999998)
(0.032 0.0028 0.001)
(0.0328 0.0028 0.001)
(0.0336 0.002800000000000001 0.001)
(0.0344 0.0028 0.001)
(0.0352 0.002800000000000001 0.0009999999999999998)
(0.036 0.0028 0.001)
(0.03680000000000001 0.002800000000000001 0.001)
(0.03759999999999999 0.0028 0.001)
(0.0384 0.0028 0.001)
(0.03920000000000001 0.002800000000000001 0.001)
(0.04 0.0028 0.001)
(0 0.003200000000000001 0.0009999999999999998)
(0.0008000000000000001 0.003200000000000001 0.001)
(0.0016 0.0032 0.001)
(0.0024 0.003200000000000001 0.001)
(0.003200000000000001 0.003200000000000001 0.0009999999999999998)
(0.003999999999999999 0.003200000000000001 0.001)
(0.0048 0.003200000000000001 0.001)
(0.005600000000000001 0.003200000000000001 0.001)
(0.006400000000000001 0.003200000000000001 0.001)
(0.0072 0.0032 0.0009999999999999998)
(0.007999999999999998 0.0032 0.001)
(0.008799999999999999 0.0032 0.001)
(0.009599999999999999 0.003200000000000001 0.0009999999999999998)
(0.0104 0.003200000000000001 0.001)
(0.0112 0.0032 0.0009999999999999998)
(0.012 0.003200000000000001 0.001)
(0.0128 0.0032 0.0009999999999999998)
(0.0136 0.003200000000000001 0.0009999999999999998)
(0.0144 0.003200000000000001 0.001)
(0.0152 0.003200000000000001 0.0009999999999999998)
(0.016 0.003200000000000001 0.001)
(0.0168 0.003200000000000001 0.001)
(0.0176 0.003200000000000001 0.001)
(0.0184 0.0032 0.0009999999999999998)
(0.0192 0.003200000000000001 0.001)
(0.02 0.0032 0.001)
(0.0208 0.0032 0.001)
(0.0216 0.0032 0.001)
(0.0224 0.0032 0.0009999999999999998)
(0.0232 0.003200000000000001 0.001)
(0.024 0.003200000000000001 0.001)
(0.0248 0.0032 0.0009999999999999998)
(0.0256 0.003200000000000001 0.001)
(0.0264 0.0032 0.0009999999999999998)
(0.0272 0.003200000000000001 0.001)
(0.028 0.003200000000000001 0.001)
(0.0288 0.003200000000000001 0.0009999999999999998)
(0.0296 0.003200000000000001 0.001)
(0.0304 0.003200000000000001 0.0009999999999999998)
(0.0312 0.003200000000000001 0.0009999999999999998)
(0.032 0.003200000000000001 0.001)
(0.0328 0.003200000000000001 0.0009999999999999998)
(0.0336 0.003200000000000001 0.001)
(0.03439999999999999 0.003200000000000001 0.001)
(0.0352 0.003200000000000001 0.001)
(0.036 0.003200000000000001 0.001)
(0.03680000000000001 0.003200000000000001 0.0009999999999999998)
(0.03759999999999999 0.003200000000000001 0.001)
(0.0384 0.003200000000000001 0.001)
(0.03920000000000001 0.003200000000000001 0.001)
(0.03999999999999999 0.003200000000000001 0.0009999999999999998)
(0 0.0036 0.001)
(0.0007999999999999999 0.0036 0.001)
(0.0016 0.0036 0.001)
(0.0024 0.0036 0.001)
(0.0032 0.0036 0.001)
(0.003999999999999999 0.003599999999999999 0.001)
(0.0048 0.0036 0.001)
(0.005600000000000002 0.0036 0.0009999999999999998)
(0.006399999999999999 0.0036 0.0009999999999999998)
(0.0072 0.0036 0.001)
(0.008 0.0036 0.001)
(0.008800000000000001 0.0036 0.001)
(0.009599999999999999 0.0036 0.001)
(0.0104 0.0036 0.001)
(0.0112 0.003599999999999999 0.0009999999999999998)
(0.012 0.0036 0.001)
(0.0128 0.003599999999999999 0.001)
(0.0136 0.0036 0.001)
(0.0144 0.0036 0.001)
(0.0152 0.0036 0.0009999999999999998)
(0.016 0.0036 0.001)
(0.0168 0.0036 0.001)
(0.0176 0.0036 0.001)
(0.0184 0.0036 0.001)
(0.0192 0.0036 0.001)
(0.02 0.0036 0.001)
(0.0208 0.0036 0.001)
(0.0216 0.0036 0.001)
(0.02240000000000001 0.0036 0.001)
(0.0232 0.0036 0.001)
(0.024 0.0036 0.001)
(0.0248 0.0036 0.0009999999999999998)
(0.0256 0.0036 0.001)
(0.0264 0.0036 0.001)
(0.0272 0.0036 0.001)
(0.028 0.0036 0.001)
(0.0288 0.003599999999999999 0.0009999999999999998)
(0.0296 0.0036 0.0009999999999999998)
(0.0304 0.0036 0.001)
(0.0312 0.0036 0.001)
(0.032 0.0036 0.001)
(0.03279999999999999 0.0036 0.001)
(0.0336 0.0036 0.0009999999999999998)
(0.0344 0.0036 0.001)
(0.0352 0.0036 0.001)
(0.036 0.0036 0.001)
(0.03680000000000001 0.0036 0.001)
(0.03759999999999999 0.0036 0.001)
(0.0384 0.0036 0.001)
(0.0392 0.0036 0.001)
(0.04 0.0036 0.001)
(0 0.004 0.001)
(0.0007999999999999999 0.004 0.001)
(0.0016 0.004 0.001)
(0.0024 0.004 0.001)
(0.0032 0.004 0.001)
(0.003999999999999999 0.004 0.001)
(0.0048 0.004 0.001)
(0.005600000000000002 0.004 0.001)
(0.006399999999999999 0.004 0.001)
(0.0072 0.004000000000000001 0.001)
(0.008 0.004000000000000001 0.001)
(0.008800000000000001 0.004000000000000001 0.001)
(0.009599999999999999 0.004000000000000001 0.001)
(0.0104 0.004 0.001)
(0.0112 0.004 0.001)
(0.012 0.004 0.001)
(0.0128 0.004 0.001)
(0.0136 0.004 0.001)
(0.0144 0.004 0.001)
(0.0152 0.004 0.001)
(0.016 0.004 0.001)
(0.0168 0.004 0.001)
(0.0176 0.004 0.001)
(0.0184 0.004 0.001)
(0.0192 0.004 0.001)
(0.02 0.004 0.001)
(0.0208 0.004 0.001)
(0.0216 0.004 0.001)
(0.02240000000000001 0.004 0.001)
(0.0232 0.004 0.001)
(0.024 0.004 0.001)
(0.0248 0.004 0.001)
(0.0256 0.004 0.001)
(0.0264 0.004 0.001)
(0.0272 0.004 0.001)
(0.028 0.004000000000000001 0.001)
(0.0288 0.004000000000000001 0.001)
(0.0296 0.004000000000000001 0.001)
(0.0304 0.004 0.001)
(0.0312 0.004 0.001)
(0.032 0.004 0.001)
(0.0328 0.004000000000000001 0.001)
(0.0336 0.004 0.001)
(0.03440000000000001 0.004000000000000001 0.001)
(0.0352 0.004 0.001)
(0.036 0.004000000000000001 0.001)
(0.03680000000000001 0.004 0.001)
(0.03759999999999999 0.004 0.001)
(0.0384 0.004 0.001)
(0.0392 0.004 0.001)
(0.04 0.004 0.001)
(0 0.0044 0.001)
(0.0007999999999999999 0.004399999999999999 0.001)
(0.0016 0.0044 0.001)
(0.0024 0.004399999999999999 0.001)
(0.0032 0.0044 0.001)
(0.003999999999999999 0.004399999999999999 0.001)
(0.0048 0.0044 0.001)
(0.005600000000000002 0.0044 0.001)
(0.006399999999999999 0.0044 0.001)
(0.0072 0.0044 0.001)
(0.008 0.004400000000000001 0.001)
(0.008800000000000001 0.0044 0.001)
(0.009600000000000001 0.004400000000000001 0.001)
(0.0104 0.0044 0.001)
(0.0112 0.004399999999999999 0.001)
(0.012 0.0044 0.001)
(0.0128 0.004399999999999999 0.0009999999999999998)
(0.0136 0.0044 0.001)
(0.0144 0.0044 0.001)
(0.0152 0.0044 0.001)
(0.016 0.0044 0.001)
(0.0168 0.004399999999999999 0.001)
(0.0176 0.0044 0.001)
(0.01840000000000001 0.0044 0.001)
(0.0192 0.0044 0.001)
(0.02 0.004399999999999999 0.001)
(0.0208 0.0044 0.001)
(0.0216 0.004399999999999999 0.001)
(0.02240000000000001 0.0044 0.001)
(0.0232 0.0044 0.001)
(0.024 0.0044 0.001)
(0.0248 0.0044 0.001)
(0.0256 0.0044 0.001)
(0.0264 0.0044 0.001)
(0.0272 0.0044 0.001)
(0.028 0.004399999999999999 0.001)
(0.0288 0.004399999999999999 0.001)
(0.0296 0.0044 0.001)
(0.0304 0.004400000000000001 0.001)
(0.0312 0.0044 0.001)
(0.032 0.004399999999999999 0.001)
(0.0328 0.004399999999999999 0.001)
(0.0336 0.0044 0.001)
(0.0344 0.004399999999999999 0.0009999999999999998)
(0.0352 0.0044 0.0009999999999999998)
(0.036 0.0044 0.001)
(0.03680000000000001 0.0044 0.001)
(0.03759999999999999 0.004399999999999999 0.0009999999999999998)
(0.0384 0.004400000000000001 0.001)
(0.0392 0.004399999999999999 0.001)
(0.04 0.0044 0.001)
(0 0.0048 0.001)
(0.0007999999999999999 0.0048 0.001)
(0.0016 0.0048 0.001)
(0.0024 0.0048 0.001)
(0.0032 0.0048 0.001)
(0.004 0.0048 0.001)
(0.0048 0.0048 0.001)
(0.005600000000000002 0.0048 0.001)
(0.006399999999999999 0.0048 0.001)
(0.0072 0.0048 0.001)
(0.008 0.0048 0.001)
(0.008800000000000001 0.0048 0.001)
(0.009599999999999999 0.0048 0.001)
(0.0104 0.0048 0.001)
(0.0112 0.0048 0.001)
(0.012 0.0048 0.001)
(0.0128 0.0048 0.001)
(0.0136 0.0048 0.001)
(0.0144 0.0048 0.001)
(0.0152 0.0048 0.001)
(0.016 0.0048 0.001)
(0.0168 0.0048 0.001)
(0.0176 0.0048 0.001)
(0.0184 0.0048 0.001)
(0.0192 0.0048 0.001)
(0.02 0.0048 0.001)
(0.0208 0.0048 0.001)
(0.0216 0.0048 0.001)
(0.02240000000000001 0.0048 0.001)
(0.0232 0.0048 0.001)
(0.024 0.0048 0.001)
(0.0248 0.0048 0.001)
(0.0256 0.0048 0.001)
(0.0264 0.0048 0.001)
(0.0272 0.0048 0.001)
(0.028 0.0048 0.001)
(0.0288 0.0048 0.001)
(0.0296 0.0048 0.001)
(0.0304 0.0048 0.001)
(0.0312 0.0048 0.001)
(0.032 0.0048 0.001)
(0.0328 0.0048 0.0009999999999999998)
(0.0336 0.0048 0.001)
(0.0344 0.0048 0.001)
(0.0352 0.0048 0.0009999999999999998)
(0.036 0.0048 0.001)
(0.03680000000000001 0.0048 0.0009999999999999998)
(0.03759999999999999 0.0048 0.001)
(0.0384 0.0048 0.001)
(0.03920000000000001 0.0048 0.001)
(0.04 0.0048 0.001)
(0 0.005200000000000001 0.001)
(0.0007999999999999999 0.005200000000000001 0.001)
(0.0016 0.005200000000000001 0.001)
(0.0024 0.005200000000000001 0.001)
(0.0032 0.005200000000000001 0.001)
(0.004 0.005200000000000001 0.001)
(0.0048 0.005200000000000001 0.001)
(0.005600000000000001 0.005200000000000001 0.001)
(0.006399999999999999 0.005200000000000001 0.001)
(0.0072 0.005200000000000001 0.001)
(0.008 0.005200000000000001 0.001)
(0.008800000000000001 0.005200000000000001 0.001)
(0.009599999999999999 0.005200000000000001 0.001)
(0.0104 0.005200000000000001 0.001)
(0.0112 0.005200000000000001 0.001)
(0.012 0.0052 0.001)
(0.0128 0.005200000000000001 0.001)
(0.0136 0.0052 0.0009999999999999998)
(0.0144 0.005200000000000001 0.001)
(0.0152 0.005200000000000001 0.001)
(0.016 0.005200000000000001 0.001)
(0.0168 0.005200000000000001 0.001)
(0.0176 0.005200000000000001 0.001)
(0.0184 0.005200000000000001 0.001)
(0.0192 0.005200000000000001 0.001)
(0.02 0.005200000000000001 0.001)
(0.0208 0.005200000000000001 0.001)
(0.0216 0.005200000000000001 0.001)
(0.0224 0.005200000000000001 0.001)
(0.0232 0.005200000000000001 0.001)
(0.024 0.005200000000000001 0.001)
(0.0248 0.005200000000000001 0.001)
(0.0256 0.005200000000000001 0.001)
(0.02640000000000001 0.005200000000000001 0.001)
(0.0272 0.005200000000000001 0.001)
(0.028 0.005200000000000001 0.001)
(0.0288 0.0052 0.001)
(0.0296 0.005200000000000001 0.001)
(0.0304 0.005200000000000001 0.001)
(0.0312 0.005200000000000001 0.001)
(0.032 0.0052 0.001)
(0.0328 0.005200000000000001 0.0009999999999999998)
(0.0336 0.005200000000000001 0.001)
(0.0344 0.005200000000000001 0.001)
(0.0352 0.005200000000000001 0.0009999999999999998)
(0.036 0.005200000000000001 0.001)
(0.03680000000000001 0.005200000000000001 0.0009999999999999998)
(0.03759999999999999 0.005200000000000001 0.001)
(0.0384 0.005200000000000001 0.001)
(0.03920000000000001 0.0052 0.001)
(0.04 0.005200000000000001 0.001)
(0 0.005600000000000001 0.001)
(0.0007999999999999999 0.005600000000000001 0.001)
(0.0016 0.005600000000000002 0.001)
(0.0024 0.005600000000000002 0.001)
(0.0032 0.005600000000000001 0.001)
(0.003999999999999999 0.005600000000000002 0.001)
(0.0048 0.005600000000000002 0.001)
(0.005600000000000001 0.005600000000000002 0.001)
(0.006399999999999999 0.005600000000000002 0.001)
(0.0072 0.005600000000000002 0.001)
(0.008 0.005600000000000001 0.001)
(0.008800000000000001 0.005600000000000002 0.001)
(0.009599999999999999 0.005600000000000001 0.001)
(0.0104 0.005600000000000001 0.001)
(0.0112 0.005600000000000001 0.001)
(0.012 0.005600000000000001 0.001)
(0.0128 0.005600000000000001 0.001)
(0.0136 0.005600000000000001 0.001)
(0.0144 0.005600000000000001 0.001)
(0.0152 0.005600000000000001 0.001)
(0.016 0.005600000000000001 0.001)
(0.0168 0.005600000000000002 0.001)
(0.0176 0.005600000000000001 0.001)
(0.0184 0.005600000000000002 0.001)
(0.0192 0.005600000000000001 0.001)
(0.02 0.005600000000000001 0.001)
(0.0208 0.005600000000000002 0.001)
(0.0216 0.005600000000000001 0.001)
(0.0224 0.005600000000000001 0.001)
(0.0232 0.005600000000000001 0.001)
(0.024 0.005600000000000002 0.001)
(0.0248 0.005600000000000001 0.001)
(0.0256 0.005600000000000002 0.001)
(0.0264 0.005600000000000001 0.001)
(0.0272 0.005600000000000002 0.001)
(0.028 0.005600000000000001 0.001)
(0.0288 0.005600000000000001 0.001)
(0.0296 0.005600000000000001 0.001)
(0.0304 0.005600000000000001 0.001)
(0.0312 0.005600000000000001 0.001)
(0.032 0.005600000000000001 0.001)
(0.0328 0.005600000000000001 0.001)
(0.0336 0.005600000000000002 0.0009999999999999998)
(0.0344 0.005600000000000001 0.0009999999999999998)
(0.0352 0.005600000000000002 0.001)
(0.036 0.005600000000000001 0.001)
(0.03680000000000001 0.005600000000000002 0.001)
(0.03759999999999999 0.005599999999999999 0.001)
(0.0384 0.005600000000000001 0.001)
(0.0392 0.005600000000000002 0.001)
(0.04 0.005600000000000001 0.001)
(0 0.006 0.001)
(0.0008000000000000001 0.006 0.001)
(0.0016 0.006 0.001)
(0.0024 0.006 0.001)
(0.003200000000000001 0.006 0.001)
(0.004 0.006 0.001)
(0.0048 0.006 0.001)
(0.005600000000000001 0.006 0.001)
(0.006400000000000001 0.006 0.001)
(0.0072 0.006 0.001)
(0.008 0.006 0.001)
(0.008800000000000001 0.006 0.001)
(0.009599999999999999 0.006 0.001)
(0.0104 0.006 0.001)
(0.0112 0.006 0.001)
(0.012 0.006 0.001)
(0.0128 0.006 0.001)
(0.0136 0.006 0.001)
(0.0144 0.006 0.001)
(0.0152 0.006 0.001)
(0.016 0.006 0.001)
(0.0168 0.006 0.001)
(0.0176 0.006 0.001)
(0.0184 0.006 0.001)
(0.0192 0.006 0.001)
(0.02 0.006 0.001)
(0.0208 0.006 0.001)
(0.0216 0.006 0.001)
(0.0224 0.006 0.001)
(0.0232 0.006 0.001)
(0.024 0.006 0.001)
(0.0248 0.006 0.001)
(0.0256 0.006 0.001)
(0.0264 0.006 0.001)
(0.0272 0.005999999999999999 0.001)
(0.028 0.006 0.001)
(0.0288 0.006 0.001)
(0.0296 0.006 0.001)
(0.0304 0.006 0.001)
(0.0312 0.006 0.001)
(0.032 0.006 0.001)
(0.0328 0.006000000000000001 0.001)
(0.0336 0.006000000000000001 0.001)
(0.03440000000000001 0.006 0.001)
(0.0352 0.006 0.001)
(0.036 0.006 0.001)
(0.03680000000000001 0.006000000000000001 0.001)
(0.03759999999999999 0.006 0.001)
(0.0384 0.006 0.001)
(0.03920000000000001 0.006 0.001)
(0.04 0.006 0.001)
(0 0.006400000000000001 0.001)
(0.0008000000000000001 0.006400000000000001 0.001)
(0.0016 0.006399999999999999 0.001)
(0.0024 0.006400000000000001 0.001)
(0.003200000000000001 0.006400000000000001 0.001)
(0.004 0.006400000000000001 0.001)
(0.0048 0.006400000000000001 0.001)
(0.005600000000000001 0.006400000000000001 0.001)
(0.006400000000000001 0.006400000000000001 0.0009999999999999998)
(0.0072 0.006399999999999999 0.001)
(0.008 0.006399999999999999 0.001)
(0.008800000000000001 0.006399999999999999 0.001)
(0.009599999999999999 0.006399999999999999 0.001)
(0.0104 0.006400000000000001 0.001)
(0.0112 0.006399999999999999 0.001)
(0.012 0.006399999999999999 0.001)
(0.0128 0.006399999999999999 0.001)
(0.0136 0.006399999999999999 0.001)
(0.0144 0.006400000000000001 0.001)
(0.0152 0.006400000000000001 0.0009999999999999998)
(0.016 0.006400000000000001 0.001)
(0.0168 0.006399999999999999 0.001)
(0.0176 0.006400000000000001 0.001)
(0.0184 0.006399999999999999 0.001)
(0.0192 0.006399999999999999 0.001)
(0.02 0.006399999999999999 0.001)
(0.0208 0.006399999999999999 0.001)
(0.0216 0.006399999999999999 0.001)
(0.0224 0.006399999999999999 0.001)
(0.0232 0.006400000000000001 0.001)
(0.024 0.006399999999999999 0.001)
(0.0248 0.006400000000000001 0.001)
(0.0256 0.006399999999999999 0.001)
(0.0264 0.006399999999999999 0.001)
(0.0272 0.006400000000000001 0.001)
(0.028 0.006399999999999999 0.001)
(0.0288 0.006399999999999999 0.001)
(0.0296 0.006400000000000001 0.0009999999999999998)
(0.0304 0.006400000000000001 0.001)
(0.0312 0.006400000000000001 0.001)
(0.032 0.006400000000000001 0.001)
(0.03279999999999999 0.006400000000000001 0.001)
(0.0336 0.006400000000000001 0.0009999999999999998)
(0.0344 0.006400000000000001 0.001)
(0.0352 0.006400000000000001 0.001)
(0.03600000000000001 0.006400000000000001 0.001)
(0.03680000000000001 0.006400000000000001 0.001)
(0.03759999999999999 0.006400000000000001 0.001)
(0.0384 0.006399999999999999 0.001)
(0.0392 0.006400000000000001 0.001)
(0.04 0.006400000000000001 0.001)
(0 0.0068 0.001)
(0.0008000000000000001 0.0068 0.001)
(0.0016 0.0068 0.001)
(0.0024 0.0068 0.001)
(0.003200000000000001 0.0068 0.0009999999999999998)
(0.004 0.0068 0.001)
(0.0048 0.0068 0.001)
(0.005600000000000002 0.0068 0.001)
(0.006400000000000001 0.0068 0.001)
(0.0072 0.0068 0.001)
(0.008 0.0068 0.001)
(0.008799999999999999 0.0068 0.001)
(0.009599999999999999 0.0068 0.001)
(0.0104 0.0068 0.001)
(0.0112 0.0068 0.001)
(0.012 0.0068 0.001)
(0.0128 0.0068 0.001)
(0.0136 0.0068 0.0009999999999999998)
(0.0144 0.0068 0.001)
(0.0152 0.0068 0.001)
(0.016 0.0068 0.001)
(0.0168 0.006800000000000001 0.001)
(0.0176 0.0068 0.001)
(0.0184 0.0068 0.001)
(0.0192 0.0068 0.001)
(0.02 0.0068 0.001)
(0.0208 0.0068 0.001)
(0.0216 0.0068 0.001)
(0.0224 0.0068 0.001)
(0.0232 0.0068 0.001)
(0.024 0.0068 0.001)
(0.0248 0.0068 0.001)
(0.0256 0.0068 0.001)
(0.0264 0.0068 0.0009999999999999998)
(0.0272 0.0068 0.001)
(0.028 0.0068 0.001)
(0.0288 0.0068 0.0009999999999999998)
(0.0296 0.0068 0.001)
(0.0304 0.0068 0.001)
(0.0312 0.0068 0.001)
(0.032 0.0068 0.001)
(0.0328 0.0068 0.0009999999999999998)
(0.0336 0.0068 0.001)
(0.0344 0.0068 0.001)
(0.0352 0.0068 0.001)
(0.036 0.0068 0.001)
(0.03680000000000001 0.0068 0.0009999999999999998)
(0.03759999999999999 0.0068 0.001)
(0.0384 0.0068 0.001)
(0.0392 0.0068 0.001)
(0.04 0.0068 0.001)
(0 0.0072 0.001)
(0.0007999999999999999 0.0072 0.001)
(0.0016 0.0072 0.001)
(0.0024 0.0072 0.001)
(0.0032 0.0072 0.001)
(0.004 0.007200000000000001 0.001)
(0.0048 0.0072 0.0009999999999999998)
(0.005600000000000001 0.0072 0.001)
(0.006399999999999999 0.0072 0.001)
(0.007199999999999999 0.0072 0.001)
(0.008 0.0072 0.001)
(0.008799999999999999 0.0072 0.0009999999999999998)
(0.009599999999999999 0.007200000000000001 0.001)
(0.0104 0.0072 0.0009999999999999998)
(0.0112 0.007199999999999999 0.001)
(0.012 0.0072 0.001)
(0.0128 0.007200000000000001 0.0009999999999999998)
(0.0136 0.0072 0.001)
(0.0144 0.0072 0.0009999999999999998)
(0.0152 0.0072 0.001)
(0.016 0.0072 0.001)
(0.0168 0.007200000000000001 0.001)
(0.0176 0.0072 0.001)
(0.0184 0.007200000000000001 0.001)
(0.0192 0.0072 0.001)
(0.02 0.007200000000000001 0.001)
(0.0208 0.0072 0.001)
(0.0216 0.007200000000000001 0.001)
(0.0224 0.0072 0.001)
(0.0232 0.007200000000000001 0.0009999999999999998)
(0.024 0.0072 0.001)
(0.0248 0.0072 0.001)
(0.0256 0.0072 0.001)
(0.0264 0.0072 0.001)
(0.0272 0.0072 0.0009999999999999998)
(0.028 0.0072 0.001)
(0.0288 0.007199999999999999 0.001)
(0.0296 0.0072 0.0009999999999999998)
(0.0304 0.007200000000000001 0.001)
(0.0312 0.0072 0.0009999999999999998)
(0.032 0.007199999999999999 0.001)
(0.0328 0.0072 0.001)
(0.0336 0.007200000000000001 0.001)
(0.0344 0.0072 0.001)
(0.0352 0.0072 0.0009999999999999998)
(0.036 0.0072 0.001)
(0.03680000000000001 0.0072 0.001)
(0.03759999999999999 0.007200000000000001 0.001)
(0.0384 0.0072 0.001)
(0.03920000000000001 0.007200000000000001 0.001)
(0.04 0.0072 0.001)
(0 0.007599999999999999 0.001)
(0.0007999999999999999 0.007599999999999999 0.001)
(0.0016 0.007600000000000001 0.001)
(0.0024 0.007599999999999999 0.001)
(0.0032 0.007600000000000001 0.001)
(0.004000000000000001 0.007600000000000001 0.001)
(0.0048 0.007600000000000002 0.001)
(0.005600000000000001 0.007599999999999999 0.0009999999999999998)
(0.006399999999999999 0.007600000000000001 0.001)
(0.007200000000000001 0.007600000000000002 0.001)
(0.008000000000000002 0.007600000000000002 0.001)
(0.008800000000000002 0.007600000000000001 0.0009999999999999998)
(0.009599999999999999 0.007600000000000001 0.0009999999999999998)
(0.0104 0.007599999999999999 0.001)
(0.0112 0.007600000000000001 0.001)
(0.012 0.007600000000000001 0.001)
(0.0128 0.007599999999999999 0.0009999999999999998)
(0.0136 0.007599999999999999 0.0009999999999999998)
(0.0144 0.007600000000000001 0.001)
(0.0152 0.007600000000000001 0.001)
(0.016 0.007599999999999999 0.001)
(0.0168 0.007600000000000001 0.001)
(0.0176 0.007600000000000001 0.001)
(0.0184 0.007599999999999999 0.001)
(0.0192 0.007599999999999999 0.001)
(0.02 0.007600000000000001 0.001)
(0.0208 0.007600000000000001 0.001)
(0.0216 0.007599999999999999 0.001)
(0.0224 0.007600000000000001 0.001)
(0.0232 0.007599999999999999 0.001)
(0.024 0.007599999999999999 0.001)
(0.0248 0.007599999999999999 0.001)
(0.0256 0.007600000000000001 0.001)
(0.02640000000000001 0.007600000000000001 0.001)
(0.0272 0.007599999999999999 0.001)
(0.028 0.007600000000000001 0.001)
(0.0288 0.007600000000000001 0.001)
(0.0296 0.007599999999999999 0.0009999999999999998)
(0.0304 0.007600000000000001 0.0009999999999999998)
(0.0312 0.007600000000000001 0.0009999999999999998)
(0.03200000000000001 0.007600000000000001 0.001)
(0.0328 0.007599999999999999 0.001)
(0.0336 0.007600000000000001 0.001)
(0.0344 0.007599999999999999 0.0009999999999999998)
(0.03520000000000001 0.007599999999999999 0.001)
(0.036 0.007599999999999999 0.001)
(0.03680000000000001 0.007600000000000001 0.001)
(0.03759999999999999 0.007599999999999999 0.001)
(0.0384 0.007599999999999999 0.001)
(0.03920000000000001 0.007600000000000001 0.001)
(0.04 0.007599999999999999 0.001)
(0 0.008 0.001)
(0.0007999999999999999 0.008 0.001)
(0.0016 0.008 0.001)
(0.0024 0.008 0.001)
(0.0032 0.008 0.001)
(0.004000000000000001 0.008 0.001)
(0.0048 0.008 0.001)
(0.005600000000000001 0.008 0.001)
(0.006399999999999999 0.008 0.001)
(0.0072 0.008000000000000002 0.001)
(0.008000000000000002 0.008000000000000002 0.001)
(0.008799999999999999 0.008000000000000002 0.001)
(0.009599999999999999 0.008000000000000002 0.001)
(0.0104 0.008 0.001)
(0.0112 0.008 0.001)
(0.012 0.008 0.001)
(0.0128 0.008000000000000002 0.001)
(0.0136 0.008 0.001)
(0.0144 0.008 0.001)
(0.0152 0.008 0.001)
(0.016 0.008 0.001)
(0.0168 0.008 0.001)
(0.0176 0.008 0.001)
(0.0184 0.008 0.001)
(0.0192 0.008 0.001)
(0.02 0.008 0.001)
(0.0208 0.008 0.001)
(0.0216 0.008 0.001)
(0.0224 0.008 0.001)
(0.0232 0.008 0.001)
(0.024 0.008 0.001)
(0.0248 0.008 0.001)
(0.0256 0.008 0.001)
(0.02640000000000001 0.008 0.001)
(0.0272 0.008 0.001)
(0.028 0.008 0.001)
(0.0288 0.008 0.001)
(0.0296 0.008 0.001)
(0.0304 0.008 0.001)
(0.0312 0.008 0.001)
(0.03200000000000001 0.008 0.001)
(0.0328 0.008000000000000002 0.001)
(0.0336 0.008 0.001)
(0.0344 0.008000000000000002 0.001)
(0.0352 0.008 0.001)
(0.036 0.008000000000000002 0.001)
(0.03680000000000001 0.008 0.001)
(0.03759999999999999 0.008 0.001)
(0.0384 0.008 0.001)
(0.03920000000000001 0.008 0.001)
(0.04 0.008 0.001)
(0 0.008400000000000001 0.001)
(0.0008000000000000001 0.008399999999999999 0.001)
(0.0016 0.008400000000000001 0.001)
(0.0024 0.008400000000000001 0.0009999999999999998)
(0.003200000000000001 0.008400000000000001 0.001)
(0.004 0.008400000000000001 0.001)
(0.0048 0.008400000000000001 0.001)
(0.005600000000000002 0.008400000000000001 0.001)
(0.006400000000000001 0.008400000000000001 0.0009999999999999998)
(0.007200000000000001 0.008400000000000001 0.001)
(0.008 0.008400000000000001 0.001)
(0.008800000000000001 0.008400000000000001 0.001)
(0.009599999999999999 0.008400000000000001 0.001)
(0.0104 0.008400000000000001 0.0009999999999999998)
(0.0112 0.008400000000000001 0.001)
(0.012 0.008400000000000001 0.001)
(0.0128 0.008400000000000001 0.001)
(0.0136 0.008400000000000001 0.001)
(0.0144 0.008400000000000001 0.0009999999999999998)
(0.0152 0.008400000000000001 0.001)
(0.016 0.008400000000000001 0.001)
(0.0168 0.008400000000000001 0.001)
(0.0176 0.008400000000000001 0.001)
(0.01840000000000001 0.008400000000000001 0.001)
(0.0192 0.008400000000000001 0.001)
(0.02 0.008400000000000001 0.001)
(0.0208 0.008400000000000001 0.001)
(0.0216 0.008400000000000001 0.001)
(0.02240000000000001 0.008400000000000001 0.001)
(0.0232 0.008400000000000001 0.001)
(0.024 0.008400000000000001 0.001)
(0.0248 0.008400000000000001 0.001)
(0.0256 0.008400000000000001 0.0009999999999999998)
(0.02640000000000001 0.008400000000000001 0.001)
(0.0272 0.008400000000000001 0.001)
(0.028 0.008400000000000001 0.001)
(0.0288 0.008400000000000001 0.001)
(0.0296 0.008400000000000001 0.0009999999999999998)
(0.0304 0.008400000000000001 0.001)
(0.0312 0.008400000000000001 0.001)
(0.032 0.008400000000000001 0.001)
(0.0328 0.008400000000000001 0.001)
(0.0336 0.008400000000000001 0.0009999999999999998)
(0.0344 0.008400000000000001 0.001)
(0.0352 0.008400000000000001 0.001)
(0.036 0.008400000000000001 0.001)
(0.03680000000000001 0.008400000000000001 0.001)
(0.0376 0.008400000000000001 0.001)
(0.0384 0.008399999999999999 0.001)
(0.03920000000000001 0.008399999999999999 0.001)
(0.04 0.008400000000000001 0.001)
(0 0.008800000000000001 0.001)
(0.0008000000000000001 0.008799999999999999 0.001)
(0.0016 0.008800000000000001 0.001)
(0.0024 0.008799999999999999 0.001)
(0.003200000000000001 0.008800000000000001 0.0009999999999999998)
(0.004 0.008799999999999999 0.001)
(0.0048 0.008800000000000001 0.001)
(0.005600000000000002 0.008800000000000001 0.001)
(0.006400000000000001 0.008800000000000001 0.001)
(0.0072 0.008800000000000001 0.0009999999999999998)
(0.008 0.008800000000000002 0.001)
(0.008800000000000001 0.008800000000000001 0.001)
(0.009599999999999999 0.008800000000000002 0.001)
(0.0104 0.008800000000000001 0.001)
(0.0112 0.008799999999999999 0.0009999999999999998)
(0.012 0.008800000000000001 0.001)
(0.0128 0.008799999999999999 0.001)
(0.0136 0.008800000000000001 0.001)
(0.0144 0.008800000000000001 0.001)
(0.0152 0.008800000000000001 0.0009999999999999998)
(0.016 0.008800000000000001 0.001)
(0.0168 0.008799999999999999 0.001)
(0.0176 0.008800000000000001 0.001)
(0.0184 0.008800000000000001 0.001)
(0.0192 0.008800000000000001 0.001)
(0.02 0.008799999999999999 0.001)
(0.0208 0.008800000000000001 0.0009999999999999998)
(0.0216 0.008799999999999999 0.001)
(0.02240000000000001 0.008800000000000001 0.001)
(0.0232 0.008800000000000001 0.001)
(0.024 0.008800000000000001 0.001)
(0.0248 0.008800000000000001 0.0009999999999999998)
(0.0256 0.008800000000000001 0.001)
(0.0264 0.008800000000000001 0.001)
(0.0272 0.008800000000000001 0.001)
(0.028 0.008800000000000001 0.001)
(0.0288 0.008799999999999999 0.0009999999999999998)
(0.0296 0.008800000000000001 0.001)
(0.0304 0.008800000000000002 0.001)
(0.0312 0.008800000000000001 0.001)
(0.032 0.008799999999999999 0.001)
(0.03279999999999999 0.008800000000000001 0.0009999999999999998)
(0.0336 0.008800000000000001 0.001)
(0.0344 0.008800000000000001 0.001)
(0.0352 0.008800000000000001 0.001)
(0.036 0.008800000000000001 0.001)
(0.03680000000000001 0.008800000000000001 0.0009999999999999998)
(0.03759999999999999 0.008799999999999999 0.001)
(0.0384 0.008800000000000001 0.001)
(0.0392 0.008799999999999999 0.001)
(0.04 0.008800000000000001 0.001)
(0 0.009200000000000002 0.001)
(0.0008000000000000001 0.009200000000000002 0.001)
(0.0016 0.009200000000000002 0.001)
(0.0024 0.0092 0.001)
(0.003200000000000001 0.009200000000000003 0.001)
(0.004 0.009200000000000002 0.001)
(0.0048 0.009200000000000002 0.0009999999999999998)
(0.005600000000000002 0.009200000000000002 0.001)
(0.006400000000000001 0.009200000000000002 0.001)
(0.0072 0.009200000000000002 0.001)
(0.008 0.009200000000000002 0.001)
(0.008800000000000001 0.009200000000000002 0.0009999999999999998)
(0.009599999999999999 0.009200000000000002 0.001)
(0.0104 0.009200000000000002 0.001)
(0.0112 0.009200000000000002 0.001)
(0.012 0.009200000000000002 0.001)
(0.0128 0.009200000000000002 0.0009999999999999998)
(0.0136 0.009200000000000002 0.001)
(0.0144 0.009200000000000002 0.001)
(0.0152 0.009200000000000002 0.001)
(0.016 0.009200000000000002 0.001)
(0.01680000000000001 0.009200000000000002 0.001)
(0.0176 0.009200000000000002 0.001)
(0.01840000000000001 0.009200000000000002 0.001)
(0.0192 0.009200000000000002 0.0009999999999999998)
(0.02 0.009200000000000002 0.001)
(0.0208 0.009200000000000002 0.001)
(0.0216 0.009200000000000002 0.001)
(0.02240000000000001 0.009200000000000002 0.001)
(0.0232 0.009200000000000002 0.0009999999999999998)
(0.024 0.009200000000000002 0.001)
(0.0248 0.009200000000000002 0.001)
(0.0256 0.009200000000000002 0.001)
(0.02640000000000001 0.009200000000000002 0.001)
(0.0272 0.009200000000000002 0.0009999999999999998)
(0.028 0.009200000000000002 0.001)
(0.0288 0.009200000000000002 0.001)
(0.0296 0.009200000000000002 0.001)
(0.0304 0.009200000000000002 0.001)
(0.0312 0.009200000000000002 0.0009999999999999998)
(0.032 0.009200000000000002 0.001)
(0.0328 0.009200000000000002 0.001)
(0.0336 0.009200000000000002 0.001)
(0.0344 0.009200000000000002 0.001)
(0.0352 0.009200000000000002 0.0009999999999999998)
(0.036 0.009200000000000002 0.001)
(0.03680000000000001 0.009200000000000002 0.001)
(0.03759999999999999 0.0092 0.001)
(0.0384 0.009200000000000003 0.001)
(0.0392 0.009200000000000002 0.001)
(0.04 0.009200000000000002 0.001)
(0 0.009599999999999999 0.001)
(0.0007999999999999999 0.009599999999999999 0.001)
(0.0016 0.009599999999999999 0.001)
(0.0024 0.009599999999999999 0.001)
(0.0032 0.009600000000000001 0.001)
(0.004 0.009599999999999999 0.001)
(0.0048 0.009599999999999999 0.001)
(0.005600000000000002 0.009599999999999999 0.001)
(0.006400000000000001 0.009599999999999999 0.001)
(0.0072 0.009599999999999999 0.001)
(0.008 0.009599999999999999 0.001)
(0.008800000000000001 0.009599999999999999 0.001)
(0.009599999999999999 0.009599999999999999 0.001)
(0.0104 0.009599999999999999 0.001)
(0.0112 0.009599999999999999 0.001)
(0.012 0.009599999999999999 0.001)
(0.0128 0.009599999999999999 0.001)
(0.0136 0.009599999999999999 0.001)
(0.0144 0.009599999999999999 0.001)
(0.0152 0.009599999999999999 0.001)
(0.016 0.009599999999999999 0.001)
(0.0168 0.009599999999999999 0.001)
(0.0176 0.009600000000000001 0.001)
(0.0184 0.009599999999999999 0.001)
(0.0192 0.009599999999999999 0.001)
(0.02 0.009599999999999999 0.001)
(0.0208 0.009599999999999999 0.001)
(0.0216 0.009599999999999999 0.0009999999999999998)
(0.02240000000000001 0.009599999999999999 0.001)
(0.0232 0.009599999999999999 0.001)
(0.024 0.009599999999999999 0.001)
(0.0248 0.009599999999999999 0.001)
(0.0256 0.009599999999999999 0.001)
(0.02640000000000001 0.009599999999999999 0.001)
(0.0272 0.009599999999999999 0.001)
(0.028 0.009599999999999999 0.001)
(0.0288 0.009599999999999999 0.001)
(0.0296 0.009599999999999999 0.001)
(0.0304 0.009599999999999999 0.001)
(0.0312 0.009599999999999999 0.001)
(0.032 0.009599999999999999 0.001)
(0.0328 0.009599999999999999 0.001)
(0.0336 0.009600000000000001 0.001)
(0.03440000000000001 0.009600000000000001 0.001)
(0.0352 0.009600000000000001 0.001)
(0.036 0.009600000000000001 0.001)
(0.03680000000000001 0.009600000000000001 0.001)
(0.03759999999999999 0.009599999999999999 0.001)
(0.0384 0.009599999999999999 0.001)
(0.0392 0.009599999999999999 0.001)
(0.04 0.009599999999999999 0.001)
(0 0.01 0.001)
(0.0008000000000000001 0.01 0.001)
(0.0016 0.01 0.001)
(0.0024 0.01 0.001)
(0.003200000000000001 0.01 0.001)
(0.004 0.01 0.001)
(0.0048 0.01 0.001)
(0.005600000000000001 0.01 0.001)
(0.006400000000000001 0.01 0.001)
(0.0072 0.01 0.001)
(0.008 0.01 0.001)
(0.008800000000000001 0.01 0.001)
(0.009599999999999999 0.01 0.001)
(0.0104 0.01 0.001)
(0.0112 0.01 0.001)
(0.012 0.01 0.001)
(0.0128 0.01 0.001)
(0.0136 0.01 0.001)
(0.0144 0.01 0.001)
(0.0152 0.01 0.001)
(0.016 0.01 0.001)
(0.0168 0.01 0.001)
(0.0176 0.01 0.001)
(0.0184 0.01 0.001)
(0.0192 0.01 0.001)
(0.02 0.01 0.001)
(0.0208 0.01 0.001)
(0.0216 0.01 0.001)
(0.0224 0.01 0.001)
(0.0232 0.01 0.001)
(0.024 0.01 0.001)
(0.0248 0.01 0.001)
(0.0256 0.01 0.001)
(0.0264 0.01 0.001)
(0.0272 0.01 0.001)
(0.028 0.01 0.001)
(0.0288 0.01 0.001)
(0.0296 0.01 0.001)
(0.0304 0.01 0.001)
(0.0312 0.01 0.001)
(0.032 0.01 0.001)
(0.0328 0.01 0.001)
(0.0336 0.01 0.001)
(0.0344 0.01 0.001)
(0.0352 0.01 0.001)
(0.036 0.01 0.001)
(0.03680000000000001 0.01 0.001)
(0.03759999999999999 0.01 0.001)
(0.0384 0.01 0.001)
(0.03920000000000001 0.01 0.001)
(0.04 0.01 0.001)
)


// ************************************************************************* //
