/*--------------------------------*- C++ -*----------------------------------*\
| =========                 |                                                 |
| \\      /  F ield         | foam-extend: Open Source CFD                    |
|  \\    /   O peration     | Version:     3.1-sfb1194                        |
|   \\  /    A nd           | Web:         http://www.extend-project.de       |
|    \\/     M anipulation  |                                                 |
\*---------------------------------------------------------------------------*/
FoamFile
{
    version     2.0;
    format      ascii;
    class       volScalarField;
    location    "0";
    object      cellDist;
}
// * * * * * * * * * * * * * * * * * * * * * * * * * * * * * * * * * * * * * //

dimensions      [0 0 0 0 0 0 0];

internalField   nonuniform List<scalar> 
1600
(
2
2
2
2
2
2
3
3
3
3
3
3
3
3
3
3
3
3
3
3
2
2
2
2
2
2
3
3
3
3
3
3
3
3
3
3
3
3
3
3
2
2
2
2
2
2
3
3
3
3
3
3
3
3
3
3
3
3
3
3
2
2
2
2
2
2
3
3
3
3
3
3
3
3
3
3
3
3
3
3
2
2
2
2
2
2
3
3
3
3
3
3
3
3
3
3
3
3
3
3
2
2
2
2
2
2
3
3
3
3
3
3
3
3
3
3
3
3
3
3
2
2
2
2
2
2
3
3
3
3
3
3
3
3
3
3
3
3
3
3
2
2
2
2
2
2
3
3
3
3
3
3
3
3
3
3
3
3
3
3
2
2
2
2
2
2
3
3
3
3
3
3
3
3
3
3
3
3
3
3
2
2
2
2
2
2
3
3
3
3
3
3
3
3
3
3
3
3
3
3
2
2
2
2
2
2
3
3
3
3
3
3
3
3
3
3
3
3
3
3
2
2
2
2
2
2
3
3
3
3
3
3
3
3
3
3
3
3
3
3
2
2
2
2
2
2
3
3
3
3
3
3
3
3
3
3
3
3
3
3
2
2
2
2
2
2
3
3
3
3
3
3
3
3
3
3
3
3
3
3
2
2
2
2
2
2
3
3
3
3
3
3
3
3
3
3
3
3
3
3
2
2
2
3
3
3
3
3
3
3
3
3
3
3
3
3
3
3
3
3
2
2
2
3
3
3
3
3
3
3
3
3
3
3
3
3
3
3
3
3
2
2
2
3
3
3
3
3
3
3
3
3
3
3
3
3
3
3
3
3
2
2
2
3
3
3
3
3
3
3
3
3
3
3
3
3
3
3
3
3
2
2
2
3
3
3
3
3
3
3
3
3
3
3
3
3
3
3
3
3
1
1
1
1
1
1
1
1
1
1
1
1
1
1
1
1
1
1
1
1
1
1
1
1
1
1
1
1
1
1
1
1
1
1
1
1
1
1
1
1
1
1
1
1
1
1
1
1
1
1
1
1
1
1
1
1
1
1
1
1
1
1
1
1
1
1
1
1
1
1
1
1
1
1
1
1
1
1
1
1
1
1
1
1
1
1
1
1
1
1
1
1
1
1
1
1
1
1
1
1
1
1
1
1
1
1
1
1
1
1
1
1
1
1
1
1
1
1
1
1
1
1
1
1
1
1
1
1
1
1
1
1
1
1
1
1
1
1
1
1
1
1
1
1
1
1
1
1
1
1
1
1
1
1
1
1
1
1
1
1
1
1
1
1
1
1
1
1
1
1
1
1
1
1
1
1
1
1
1
1
1
1
1
1
1
1
1
1
1
1
1
1
1
1
1
1
1
1
1
1
1
1
1
1
1
1
1
1
1
1
1
1
1
1
1
1
1
1
1
1
1
1
1
1
1
1
1
1
1
1
1
1
1
1
1
1
1
1
1
1
1
1
1
1
1
1
1
1
1
1
1
1
1
1
1
1
1
1
1
1
0
0
0
0
0
0
0
0
0
0
1
1
1
1
1
1
1
1
1
1
0
0
0
0
0
0
0
0
0
0
0
0
0
0
0
0
0
0
0
0
0
0
0
0
0
0
0
0
0
0
0
0
0
0
0
0
0
0
0
0
0
0
0
0
0
0
0
0
0
0
0
0
0
0
0
0
0
0
0
0
0
0
0
0
0
0
0
0
0
0
0
0
0
0
0
0
0
0
0
0
0
0
0
0
0
0
0
0
0
0
0
0
0
0
0
0
0
0
0
0
0
0
0
0
0
0
0
0
0
0
0
0
0
0
0
0
0
0
0
0
0
0
0
0
0
0
0
0
0
0
0
0
0
0
0
0
0
0
0
0
0
0
0
0
0
0
0
0
0
0
0
0
0
0
0
0
0
0
0
0
0
0
0
0
0
0
0
0
0
0
0
0
0
0
0
0
0
0
0
0
0
0
0
0
0
0
0
0
0
0
0
0
0
0
0
0
0
0
0
0
0
0
0
0
0
0
0
0
0
0
0
0
0
0
0
0
0
0
0
0
0
0
0
0
0
0
0
0
0
0
0
0
0
0
0
0
0
0
0
0
0
0
0
0
0
0
0
0
0
0
0
0
0
0
0
0
0
0
0
0
0
0
0
0
0
0
0
0
0
0
0
0
0
0
0
0
0
0
0
0
0
0
0
0
0
0
0
0
0
0
0
0
0
0
0
0
0
0
0
0
0
0
0
0
0
0
0
0
0
0
0
0
0
0
0
0
0
0
0
0
2
2
2
2
2
2
2
2
2
2
2
2
2
2
2
2
2
2
2
2
1
1
1
1
1
1
1
1
1
1
1
1
1
0
0
0
0
0
0
0
2
2
2
2
2
2
2
2
2
2
2
2
2
2
2
2
2
2
2
2
1
1
1
1
1
1
1
1
1
1
1
1
1
0
0
0
0
0
0
0
2
2
2
2
2
2
2
2
2
2
2
2
2
2
2
2
2
2
2
2
1
1
1
1
1
1
1
1
1
1
1
1
1
0
0
0
0
0
0
0
2
2
2
2
2
2
2
2
2
2
2
2
2
2
2
2
2
2
2
2
1
1
1
1
1
1
1
1
1
1
1
1
1
0
0
0
0
0
0
0
2
2
2
2
2
2
2
2
2
2
2
2
2
2
2
2
2
2
2
2
1
1
1
1
1
1
1
1
1
1
1
1
1
0
0
0
0
0
0
0
2
2
2
2
2
2
2
2
2
2
2
2
2
2
2
2
2
2
2
2
1
1
1
1
1
1
1
1
1
1
1
1
1
0
0
0
0
0
0
0
2
2
2
2
2
2
2
2
2
2
2
2
2
2
2
2
2
2
2
2
1
1
1
1
1
1
1
1
1
1
1
1
1
0
0
0
0
0
0
0
2
2
2
2
2
2
2
2
2
2
2
2
2
2
2
2
2
2
2
2
1
1
1
1
1
1
1
1
1
1
1
1
1
0
0
0
0
0
0
0
2
2
2
2
2
2
2
2
2
2
2
2
2
2
2
2
2
2
2
2
1
1
1
1
1
1
1
1
1
1
1
1
1
0
0
0
0
0
0
0
2
2
2
2
2
2
2
2
2
2
2
2
2
2
2
2
2
2
2
2
1
1
1
1
1
1
1
1
1
1
1
1
1
0
0
0
0
0
0
0
3
3
3
3
3
3
3
3
3
3
3
3
3
3
2
2
2
2
2
2
3
3
3
3
3
3
3
3
3
3
3
2
2
2
2
2
2
2
2
2
3
3
3
3
3
3
3
3
3
3
2
2
2
2
2
2
2
2
2
2
3
3
3
3
3
3
3
3
3
3
2
2
2
2
2
2
2
2
2
2
3
3
3
3
3
3
3
3
3
3
2
2
2
2
2
2
2
2
2
2
3
3
3
3
3
3
3
3
3
3
2
2
2
2
2
2
2
2
2
2
3
3
3
3
3
3
3
3
3
3
2
2
2
2
2
2
2
2
2
2
3
3
3
3
3
3
3
3
3
3
2
2
2
2
2
2
2
2
2
2
3
3
3
3
3
3
3
3
3
3
2
2
2
2
2
2
2
2
2
2
3
3
3
3
3
3
3
3
3
3
2
2
2
2
2
2
2
2
2
2
)
;

boundaryField
{
    interfaceShadow
    {
        type            zeroGradient;
    }
    lowerWedge
    {
        type            wedge;
    }
    upperWedge
    {
        type            wedge;
    }
    centerline
    {
        type            symmetryPlane;
    }
}


// ************************************************************************* //
