/*--------------------------------*- C++ -*----------------------------------*\
| =========                 |                                                 |
| \\      /  F ield         | foam-extend: Open Source CFD                    |
|  \\    /   O peration     | Version:     4.1                                |
|   \\  /    A nd           | Web:         http://www.foam-extend.org         |
|    \\/     M anipulation  |                                                 |
\*---------------------------------------------------------------------------*/
FoamFile
{
    version     2.0;
    format      ascii;
    class       labelList;
    note        "nPoints: 9122 nAllPoints: 9122 nInternalFaces: 8880 nFaces: 18000 nAllFaces: 18000 nCells: 4480";
    location    "1e-05/polyMesh";
    object      owner;
}
// * * * * * * * * * * * * * * * * * * * * * * * * * * * * * * * * * * * * * //


18000
(
0
0
0
1
1
1
2
2
3
3
4
4
4
5
5
6
6
7
7
8
8
9
9
9
10
10
11
11
12
12
13
13
14
14
15
15
16
16
16
17
17
18
18
19
19
20
20
21
21
22
22
23
23
24
24
25
25
25
26
26
27
27
28
28
29
29
30
30
31
31
32
32
33
33
34
34
35
35
36
36
36
37
37
38
38
39
39
40
40
41
41
42
42
43
43
44
44
45
45
46
46
47
47
48
48
49
49
49
50
50
51
51
52
52
53
53
54
54
55
55
56
56
57
57
58
58
59
59
60
60
61
61
62
62
63
63
64
64
64
65
65
66
66
67
67
68
68
69
69
70
70
71
71
72
72
73
73
74
74
75
75
76
76
77
77
78
78
79
79
80
80
81
81
81
82
82
83
83
84
84
85
85
86
86
87
87
88
88
89
89
90
90
91
91
92
92
93
93
94
94
95
95
96
96
97
97
98
98
99
99
100
100
100
101
101
102
102
103
103
104
104
105
105
106
106
107
107
108
108
109
109
110
110
111
111
112
112
113
113
114
114
115
115
116
116
117
117
118
118
119
119
120
120
121
121
122
122
122
123
123
124
124
125
125
126
126
127
127
128
128
129
129
130
130
131
131
132
132
133
133
134
134
135
135
136
136
137
137
138
138
139
139
140
140
141
141
142
142
143
143
144
144
145
145
146
146
146
147
147
148
148
149
149
150
150
151
151
152
152
153
153
154
154
155
155
156
156
157
157
158
158
159
159
160
160
161
161
162
162
163
163
164
164
165
165
166
166
167
167
168
168
169
169
170
170
171
171
172
172
172
173
173
174
174
175
175
176
176
177
177
178
178
179
179
180
180
181
181
182
182
183
183
184
184
185
185
186
186
187
187
188
188
189
189
190
190
191
191
192
192
193
193
194
194
195
195
196
196
197
197
198
198
199
199
200
200
200
201
201
202
202
203
203
204
204
205
205
206
206
207
207
208
208
209
209
210
210
211
211
212
212
213
213
214
214
215
215
216
216
217
217
218
218
219
219
220
220
221
221
222
222
223
223
224
224
225
225
226
226
227
227
228
228
229
229
230
230
230
231
231
232
232
233
233
234
234
235
235
236
236
237
237
238
238
239
239
240
240
241
241
242
242
243
243
244
244
245
245
246
246
247
247
248
248
249
249
250
250
251
251
252
252
253
253
254
254
255
255
256
256
257
257
258
258
259
259
260
260
261
261
262
262
262
263
263
264
264
265
265
266
266
267
267
268
268
269
269
270
270
271
271
272
272
273
273
274
274
275
275
276
276
277
277
278
278
279
279
280
280
281
281
282
282
283
283
284
284
285
285
286
286
287
287
288
288
289
289
290
290
291
291
292
292
293
293
294
294
295
295
296
296
296
297
297
298
298
299
299
300
300
301
301
302
302
303
303
304
304
305
305
306
306
307
307
308
308
309
309
310
310
311
311
312
312
313
313
314
314
315
315
316
316
317
317
318
318
319
319
320
320
321
321
322
322
323
323
324
324
325
325
326
326
327
327
328
328
329
329
330
330
331
331
332
332
332
333
333
334
334
335
335
336
336
337
337
338
338
339
339
340
340
341
341
342
342
343
343
344
344
345
345
346
346
347
347
348
348
349
349
350
350
351
351
352
352
353
353
354
354
355
355
356
356
357
357
358
358
359
359
360
360
361
361
362
362
363
363
364
364
365
365
366
366
367
367
368
368
369
369
370
370
370
371
371
372
372
373
373
374
374
375
375
376
376
377
377
378
378
379
379
380
380
381
381
382
382
383
383
384
384
385
385
386
386
387
387
388
388
389
389
390
390
391
391
392
392
393
393
394
394
395
395
396
396
397
397
398
398
399
399
400
400
401
401
402
402
403
403
404
404
405
405
406
406
407
407
408
408
409
409
410
410
410
411
411
412
412
413
413
414
414
415
415
416
416
417
417
418
418
419
419
420
420
421
421
422
422
423
423
424
424
425
425
426
426
427
427
428
428
429
429
430
430
431
431
432
432
433
433
434
434
435
435
436
436
437
437
438
438
439
439
440
440
441
441
442
442
443
443
444
444
445
445
446
446
447
447
448
448
449
449
450
450
451
451
452
452
452
453
453
454
454
455
455
456
456
457
457
458
458
459
459
460
460
461
461
462
462
463
463
464
464
465
465
466
466
467
467
468
468
469
469
470
470
471
471
472
472
473
473
474
474
475
475
476
476
477
477
478
478
479
479
480
480
481
481
482
482
483
483
484
484
485
485
486
486
487
487
488
488
489
489
490
490
491
491
492
492
493
493
494
494
495
495
496
496
496
497
497
498
498
499
499
500
500
501
501
502
502
503
503
504
504
505
505
506
506
507
507
508
508
509
509
510
510
511
511
512
512
513
513
514
514
515
515
516
516
517
517
518
518
519
519
520
520
521
521
522
522
523
523
524
524
525
525
526
526
527
527
528
528
529
529
530
530
531
531
532
532
533
533
534
534
535
535
536
536
537
537
538
538
539
539
540
540
541
541
542
542
542
543
543
544
544
545
545
546
546
547
547
548
548
549
549
550
550
551
551
552
552
553
553
554
554
555
555
556
556
557
557
558
558
559
559
560
560
561
561
562
562
563
563
564
564
565
565
566
566
567
567
568
568
569
569
570
570
571
571
572
572
573
573
574
574
575
575
576
576
577
577
578
578
579
579
580
580
581
581
582
582
583
583
584
584
585
585
586
586
587
587
588
588
589
589
590
590
590
591
591
592
592
593
593
594
594
595
595
596
596
597
597
598
598
599
599
600
600
601
601
602
602
603
603
604
604
605
605
606
606
607
607
608
608
609
609
610
610
611
611
612
612
613
613
614
614
615
615
616
616
617
617
618
618
619
619
620
620
621
621
622
622
623
623
624
624
625
625
626
626
627
627
628
628
629
629
630
630
631
631
632
632
633
633
634
634
635
635
636
636
637
637
638
638
639
639
640
640
640
641
641
642
642
643
643
644
644
645
645
646
646
647
647
648
648
649
649
650
650
651
651
652
652
653
653
654
654
655
655
656
656
657
657
658
658
659
659
660
660
661
661
662
662
663
663
664
664
665
665
666
666
667
667
668
668
669
669
670
670
671
671
672
672
673
673
674
674
675
675
676
676
677
677
678
678
679
679
680
680
681
681
682
682
683
683
684
684
685
685
686
686
687
687
688
688
689
689
690
690
691
691
692
692
692
693
693
694
694
695
695
696
696
697
697
698
698
699
699
700
700
701
701
702
702
703
703
704
704
705
705
706
706
707
707
708
708
709
709
710
710
711
711
712
712
713
713
714
714
715
715
716
716
717
717
718
718
719
719
720
720
721
721
722
722
723
723
724
724
725
725
726
726
727
727
728
728
729
729
730
730
731
731
732
732
733
733
734
734
735
735
736
736
737
737
738
738
739
739
740
740
741
741
742
742
743
743
744
744
745
745
746
746
746
747
747
748
748
749
749
750
750
751
751
752
752
753
753
754
754
755
755
756
756
757
757
758
758
759
759
760
760
761
761
762
762
763
763
764
764
765
765
766
766
767
767
768
768
769
769
770
770
771
771
772
772
773
773
774
774
775
775
776
776
777
777
778
778
779
779
780
780
781
781
782
782
783
783
784
784
785
785
786
786
787
787
788
788
789
789
790
790
791
791
792
792
793
793
794
794
795
795
796
796
797
797
798
798
799
799
800
800
801
801
802
802
802
803
803
804
804
805
805
806
806
807
807
808
808
809
809
810
810
811
811
812
812
813
813
814
814
815
815
816
816
817
817
818
818
819
819
820
820
821
821
822
822
823
823
824
824
825
825
826
826
827
827
828
828
829
829
830
830
831
831
832
832
833
833
834
834
835
835
836
836
837
837
838
838
839
839
840
840
841
841
842
842
843
843
844
844
845
845
846
846
847
847
848
848
849
849
850
850
851
851
852
852
853
853
854
854
855
855
856
856
857
857
858
858
859
859
860
860
860
861
861
862
862
863
863
864
864
865
865
866
866
867
867
868
868
869
869
870
870
871
871
872
872
873
873
874
874
875
875
876
876
877
877
878
878
879
879
880
880
881
881
882
882
883
883
884
884
885
885
886
886
887
887
888
888
889
889
890
890
891
891
892
892
893
893
894
894
895
895
896
896
897
897
898
898
899
899
900
900
901
901
902
902
903
903
904
904
905
905
906
906
907
907
908
908
909
909
910
910
911
911
912
912
913
913
914
914
915
915
916
916
917
917
918
918
919
919
920
920
920
921
921
922
922
923
923
924
924
925
925
926
926
927
927
928
928
929
929
930
930
931
931
932
932
933
933
934
934
935
935
936
936
937
937
938
938
939
939
940
940
941
941
942
942
943
943
944
944
945
945
946
946
947
947
948
948
949
949
950
950
951
951
952
952
953
953
954
954
955
955
956
956
957
957
958
958
959
959
960
960
961
961
962
962
963
963
964
964
965
965
966
966
967
967
968
968
969
969
970
970
971
971
972
972
973
973
974
974
975
975
976
976
977
977
978
978
979
979
980
980
981
981
982
982
982
983
983
984
984
985
985
986
986
987
987
988
988
989
989
990
990
991
991
992
992
993
993
994
994
995
995
996
996
997
997
998
998
999
999
1000
1000
1001
1001
1002
1002
1003
1003
1004
1004
1005
1005
1006
1006
1007
1007
1008
1008
1009
1009
1010
1010
1011
1011
1012
1012
1013
1013
1014
1014
1015
1015
1016
1016
1017
1017
1018
1018
1019
1019
1020
1020
1021
1021
1022
1022
1023
1023
1024
1024
1025
1025
1026
1026
1027
1027
1028
1028
1029
1029
1030
1030
1031
1031
1032
1032
1033
1033
1034
1034
1035
1035
1036
1036
1037
1037
1038
1038
1039
1039
1040
1040
1041
1041
1042
1042
1043
1043
1044
1044
1045
1045
1046
1046
1046
1047
1047
1048
1048
1049
1049
1050
1050
1051
1051
1052
1052
1053
1053
1054
1054
1055
1055
1056
1056
1057
1057
1058
1058
1059
1059
1060
1060
1061
1061
1062
1062
1063
1063
1064
1064
1065
1065
1066
1066
1067
1067
1068
1068
1069
1069
1070
1070
1071
1071
1072
1072
1073
1073
1074
1074
1075
1075
1076
1076
1077
1077
1078
1078
1079
1079
1080
1080
1081
1081
1082
1082
1083
1083
1084
1084
1085
1085
1086
1086
1087
1087
1088
1088
1089
1089
1090
1090
1091
1091
1092
1092
1093
1093
1094
1094
1095
1095
1096
1096
1097
1097
1098
1098
1099
1099
1100
1100
1101
1101
1102
1102
1103
1103
1104
1104
1105
1105
1106
1106
1107
1107
1108
1108
1109
1109
1110
1110
1111
1111
1112
1112
1112
1113
1113
1114
1114
1115
1115
1116
1116
1117
1117
1118
1118
1119
1119
1120
1120
1121
1121
1122
1122
1123
1123
1124
1124
1125
1125
1126
1126
1127
1127
1128
1128
1129
1129
1130
1130
1131
1131
1132
1132
1133
1133
1134
1134
1135
1135
1136
1136
1137
1137
1138
1138
1139
1139
1140
1140
1141
1141
1142
1142
1143
1143
1144
1144
1145
1145
1146
1146
1147
1147
1148
1148
1149
1149
1150
1150
1151
1151
1152
1152
1153
1153
1154
1154
1155
1155
1156
1156
1157
1157
1158
1158
1159
1159
1160
1160
1161
1161
1162
1162
1163
1163
1164
1164
1165
1165
1166
1166
1167
1167
1168
1168
1169
1169
1170
1170
1171
1171
1172
1172
1173
1173
1174
1174
1175
1175
1176
1176
1177
1177
1178
1178
1179
1179
1180
1180
1180
1181
1181
1182
1182
1183
1183
1184
1184
1185
1185
1186
1186
1187
1187
1188
1188
1189
1189
1190
1190
1191
1191
1192
1192
1193
1193
1194
1194
1195
1195
1196
1196
1197
1197
1198
1198
1199
1199
1200
1200
1201
1201
1202
1202
1203
1203
1204
1204
1205
1205
1206
1206
1207
1207
1208
1208
1209
1209
1210
1210
1211
1211
1212
1212
1213
1213
1214
1214
1215
1215
1216
1216
1217
1217
1218
1218
1219
1219
1220
1220
1221
1221
1222
1222
1223
1223
1224
1224
1225
1225
1226
1226
1227
1227
1228
1228
1229
1229
1230
1230
1231
1231
1232
1232
1233
1233
1234
1234
1235
1235
1236
1236
1237
1237
1238
1238
1239
1239
1240
1240
1241
1241
1242
1242
1243
1243
1244
1244
1245
1245
1246
1246
1247
1247
1248
1248
1249
1249
1250
1250
1250
1251
1251
1252
1252
1253
1253
1254
1254
1255
1255
1256
1256
1257
1257
1258
1258
1259
1259
1260
1260
1261
1261
1262
1262
1263
1263
1264
1264
1265
1265
1266
1266
1267
1267
1268
1268
1269
1269
1270
1270
1271
1271
1272
1272
1273
1273
1274
1274
1275
1275
1276
1276
1277
1277
1278
1278
1279
1279
1280
1280
1281
1281
1282
1282
1283
1283
1284
1284
1285
1285
1286
1286
1287
1287
1288
1288
1289
1289
1290
1290
1291
1291
1292
1292
1293
1293
1294
1294
1295
1295
1296
1296
1297
1297
1298
1298
1299
1299
1300
1300
1301
1301
1302
1302
1303
1303
1304
1304
1305
1305
1306
1306
1307
1307
1308
1308
1309
1309
1310
1310
1311
1311
1312
1312
1313
1313
1314
1314
1315
1315
1316
1316
1317
1317
1318
1318
1319
1319
1320
1320
1321
1321
1322
1322
1322
1323
1323
1324
1324
1325
1325
1326
1326
1327
1327
1328
1328
1329
1329
1330
1330
1331
1331
1332
1332
1333
1333
1334
1334
1335
1335
1336
1336
1337
1337
1338
1338
1339
1339
1340
1340
1341
1341
1342
1342
1343
1343
1344
1344
1345
1345
1346
1346
1347
1347
1348
1348
1349
1349
1350
1350
1351
1351
1352
1352
1353
1353
1354
1354
1355
1355
1356
1356
1357
1357
1358
1358
1359
1359
1360
1360
1361
1361
1362
1362
1363
1363
1364
1364
1365
1365
1366
1366
1367
1367
1368
1368
1369
1369
1370
1370
1371
1371
1372
1372
1373
1373
1374
1374
1375
1375
1376
1376
1377
1378
1378
1379
1379
1380
1380
1381
1381
1382
1382
1383
1383
1384
1384
1385
1385
1386
1386
1387
1387
1388
1388
1389
1389
1390
1390
1391
1391
1392
1392
1393
1393
1394
1394
1395
1395
1396
1396
1396
1397
1397
1398
1398
1399
1399
1400
1400
1401
1401
1402
1402
1403
1403
1404
1404
1405
1405
1406
1406
1407
1407
1408
1408
1409
1409
1410
1410
1411
1411
1412
1412
1413
1413
1414
1414
1415
1415
1416
1416
1417
1417
1418
1418
1419
1419
1420
1420
1421
1421
1422
1422
1423
1423
1424
1424
1425
1425
1426
1426
1427
1427
1428
1428
1429
1429
1430
1430
1431
1431
1432
1432
1433
1433
1434
1434
1435
1435
1436
1436
1437
1437
1438
1438
1439
1439
1440
1440
1441
1441
1442
1442
1443
1443
1444
1444
1445
1445
1446
1446
1447
1447
1448
1448
1449
1449
1450
1450
1451
1451
1452
1453
1453
1454
1454
1455
1455
1456
1456
1457
1457
1458
1458
1459
1459
1460
1460
1461
1461
1462
1462
1463
1463
1464
1464
1465
1465
1466
1466
1467
1467
1468
1468
1469
1469
1470
1470
1471
1471
1472
1472
1472
1473
1473
1474
1474
1475
1475
1476
1476
1477
1477
1478
1478
1479
1479
1480
1480
1481
1481
1482
1482
1483
1483
1484
1484
1485
1485
1486
1486
1487
1487
1488
1488
1489
1489
1490
1490
1491
1491
1492
1493
1493
1494
1494
1495
1495
1496
1496
1497
1497
1498
1498
1499
1499
1500
1500
1501
1501
1502
1502
1503
1503
1504
1504
1505
1505
1506
1506
1507
1507
1508
1508
1509
1509
1510
1510
1511
1511
1512
1512
1513
1513
1514
1514
1515
1515
1516
1516
1517
1517
1518
1518
1519
1519
1520
1520
1521
1521
1522
1522
1523
1523
1524
1524
1525
1525
1526
1526
1527
1527
1528
1529
1529
1530
1530
1531
1531
1532
1532
1533
1533
1534
1534
1535
1535
1536
1536
1537
1537
1538
1538
1539
1539
1540
1540
1541
1541
1542
1542
1543
1543
1544
1544
1545
1545
1546
1546
1547
1547
1548
1548
1549
1549
1549
1550
1550
1551
1551
1552
1552
1553
1553
1554
1554
1555
1555
1556
1556
1557
1557
1558
1558
1559
1559
1560
1560
1561
1561
1562
1562
1563
1563
1564
1564
1565
1565
1566
1566
1567
1567
1568
1569
1569
1570
1570
1571
1571
1572
1572
1573
1573
1574
1574
1575
1575
1576
1576
1577
1577
1578
1578
1579
1579
1580
1580
1581
1581
1582
1582
1583
1583
1584
1584
1585
1585
1586
1586
1587
1587
1588
1588
1589
1589
1590
1590
1591
1591
1592
1592
1593
1593
1594
1594
1595
1595
1596
1596
1597
1597
1598
1598
1599
1599
1600
1600
1601
1601
1602
1602
1603
1603
1604
1605
1605
1606
1606
1607
1607
1608
1608
1609
1609
1610
1610
1611
1611
1612
1612
1613
1613
1614
1614
1615
1615
1616
1616
1617
1617
1618
1618
1619
1619
1620
1620
1621
1621
1622
1622
1623
1623
1624
1624
1625
1625
1626
1626
1626
1627
1627
1628
1628
1629
1629
1630
1630
1631
1631
1632
1632
1633
1633
1634
1634
1635
1635
1636
1636
1637
1637
1638
1638
1639
1639
1640
1640
1641
1641
1642
1642
1643
1643
1644
1645
1645
1646
1646
1647
1647
1648
1648
1649
1649
1650
1650
1651
1651
1652
1652
1653
1653
1654
1654
1655
1655
1656
1656
1657
1657
1658
1658
1659
1659
1660
1660
1661
1661
1662
1662
1663
1663
1664
1664
1665
1665
1666
1666
1667
1667
1668
1668
1669
1669
1670
1670
1671
1671
1672
1672
1673
1673
1674
1674
1675
1675
1676
1676
1677
1677
1678
1678
1679
1679
1680
1681
1681
1682
1682
1683
1683
1684
1684
1685
1685
1686
1686
1687
1687
1688
1688
1689
1689
1690
1690
1691
1691
1692
1692
1693
1693
1694
1694
1695
1695
1696
1696
1697
1697
1698
1698
1699
1699
1700
1700
1701
1701
1702
1702
1703
1703
1703
1704
1704
1705
1705
1706
1706
1707
1707
1708
1708
1709
1709
1710
1710
1711
1711
1712
1712
1713
1713
1714
1714
1715
1715
1716
1716
1717
1717
1718
1718
1719
1719
1720
1721
1721
1722
1722
1723
1723
1724
1724
1725
1725
1726
1726
1727
1727
1728
1728
1729
1729
1730
1730
1731
1731
1732
1732
1733
1733
1734
1734
1735
1735
1736
1736
1737
1737
1738
1738
1739
1739
1740
1740
1741
1741
1742
1742
1743
1743
1744
1744
1745
1745
1746
1746
1747
1747
1748
1748
1749
1749
1750
1750
1751
1751
1752
1752
1753
1753
1754
1754
1755
1755
1756
1757
1757
1758
1758
1759
1759
1760
1760
1761
1761
1762
1762
1763
1763
1764
1764
1765
1765
1766
1766
1767
1767
1768
1768
1769
1769
1770
1770
1771
1771
1772
1772
1773
1773
1774
1774
1775
1775
1776
1776
1777
1777
1778
1778
1779
1779
1780
1780
1780
1781
1781
1782
1782
1783
1783
1784
1784
1785
1785
1786
1786
1787
1787
1788
1788
1789
1789
1790
1790
1791
1791
1792
1792
1793
1793
1794
1794
1795
1795
1796
1797
1797
1798
1798
1799
1799
1800
1800
1801
1801
1802
1802
1803
1803
1804
1804
1805
1805
1806
1806
1807
1807
1808
1808
1809
1809
1810
1810
1811
1811
1812
1812
1813
1813
1814
1814
1815
1815
1816
1816
1817
1817
1818
1818
1819
1819
1820
1820
1821
1821
1822
1822
1823
1823
1824
1824
1825
1825
1826
1826
1827
1827
1828
1828
1829
1829
1830
1830
1831
1831
1832
1833
1833
1834
1834
1835
1835
1836
1836
1837
1837
1838
1838
1839
1839
1840
1840
1841
1841
1842
1842
1843
1843
1844
1844
1845
1845
1846
1846
1847
1847
1848
1848
1849
1849
1850
1850
1851
1851
1852
1852
1853
1853
1854
1854
1855
1855
1856
1856
1857
1857
1857
1858
1858
1859
1859
1860
1860
1861
1861
1862
1862
1863
1863
1864
1864
1865
1865
1866
1866
1867
1867
1868
1868
1869
1869
1870
1870
1871
1871
1872
1873
1873
1874
1874
1875
1875
1876
1876
1877
1877
1878
1878
1879
1879
1880
1880
1881
1881
1882
1882
1883
1883
1884
1884
1885
1885
1886
1886
1887
1887
1888
1888
1889
1889
1890
1890
1891
1891
1892
1892
1893
1893
1894
1894
1895
1895
1896
1896
1897
1897
1898
1898
1899
1899
1900
1900
1901
1901
1902
1902
1903
1903
1904
1904
1905
1905
1906
1906
1907
1907
1908
1909
1909
1910
1910
1911
1911
1912
1912
1913
1913
1914
1914
1915
1915
1916
1916
1917
1917
1918
1918
1919
1919
1920
1920
1921
1921
1922
1922
1923
1923
1924
1924
1925
1925
1926
1926
1927
1927
1928
1928
1929
1929
1930
1930
1931
1931
1932
1932
1933
1933
1934
1934
1934
1935
1935
1936
1936
1937
1937
1938
1938
1939
1939
1940
1940
1941
1941
1942
1942
1943
1943
1944
1944
1945
1945
1946
1946
1947
1947
1948
1949
1949
1950
1950
1951
1951
1952
1952
1953
1953
1954
1954
1955
1955
1956
1956
1957
1957
1958
1958
1959
1959
1960
1960
1961
1961
1962
1962
1963
1963
1964
1964
1965
1965
1966
1966
1967
1967
1968
1968
1969
1969
1970
1970
1971
1971
1972
1972
1973
1973
1974
1974
1975
1975
1976
1976
1977
1977
1978
1978
1979
1979
1980
1980
1981
1981
1982
1982
1983
1983
1984
1985
1985
1986
1986
1987
1987
1988
1988
1989
1989
1990
1990
1991
1991
1992
1992
1993
1993
1994
1994
1995
1995
1996
1996
1997
1997
1998
1998
1999
1999
2000
2000
2001
2001
2002
2002
2003
2003
2004
2004
2005
2005
2006
2006
2007
2007
2008
2008
2009
2009
2010
2010
2011
2011
2011
2012
2012
2013
2013
2014
2014
2015
2015
2016
2016
2017
2017
2018
2018
2019
2019
2020
2020
2021
2021
2022
2022
2023
2023
2024
2025
2025
2026
2026
2027
2027
2028
2028
2029
2029
2030
2030
2031
2031
2032
2032
2033
2033
2034
2034
2035
2035
2036
2036
2037
2037
2038
2038
2039
2039
2040
2040
2041
2041
2042
2042
2043
2043
2044
2044
2045
2045
2046
2046
2047
2047
2048
2048
2049
2049
2050
2050
2051
2051
2052
2052
2053
2053
2054
2054
2055
2055
2056
2056
2057
2057
2058
2058
2059
2059
2060
2061
2061
2062
2062
2063
2063
2064
2064
2065
2065
2066
2066
2067
2067
2068
2068
2069
2069
2070
2070
2071
2071
2072
2072
2073
2073
2074
2074
2075
2075
2076
2076
2077
2077
2078
2078
2079
2079
2080
2080
2081
2081
2082
2082
2083
2083
2084
2084
2085
2085
2086
2086
2087
2087
2088
2088
2088
2089
2089
2090
2090
2091
2091
2092
2092
2093
2093
2094
2094
2095
2095
2096
2096
2097
2097
2098
2098
2099
2099
2100
2101
2101
2102
2102
2103
2103
2104
2104
2105
2105
2106
2106
2107
2107
2108
2108
2109
2109
2110
2110
2111
2111
2112
2112
2113
2113
2114
2114
2115
2115
2116
2116
2117
2117
2118
2118
2119
2119
2120
2120
2121
2121
2122
2122
2123
2123
2124
2124
2125
2125
2126
2126
2127
2127
2128
2128
2129
2129
2130
2130
2131
2131
2132
2132
2133
2133
2134
2134
2135
2135
2136
2137
2137
2138
2138
2139
2139
2140
2140
2141
2141
2142
2142
2143
2143
2144
2144
2145
2145
2146
2146
2147
2147
2148
2148
2149
2149
2150
2150
2151
2151
2152
2152
2153
2153
2154
2154
2155
2155
2156
2156
2157
2157
2158
2158
2159
2159
2160
2160
2161
2161
2162
2162
2163
2163
2164
2164
2165
2165
2165
2166
2166
2167
2167
2168
2168
2169
2169
2170
2170
2171
2171
2172
2172
2173
2173
2174
2174
2175
2175
2176
2177
2177
2178
2178
2179
2179
2180
2180
2181
2181
2182
2182
2183
2183
2184
2184
2185
2185
2186
2186
2187
2187
2188
2188
2189
2189
2190
2190
2191
2191
2192
2192
2193
2193
2194
2194
2195
2195
2196
2196
2197
2197
2198
2198
2199
2199
2200
2200
2201
2201
2202
2202
2203
2203
2204
2204
2205
2205
2206
2206
2207
2207
2208
2208
2209
2209
2210
2210
2211
2211
2212
2213
2213
2214
2214
2215
2215
2216
2216
2217
2217
2218
2218
2219
2219
2220
2220
2221
2221
2222
2222
2223
2223
2224
2224
2225
2225
2226
2226
2227
2227
2228
2228
2229
2229
2230
2230
2231
2231
2232
2232
2233
2233
2234
2234
2235
2235
2236
2236
2237
2237
2238
2238
2239
2239
2240
2240
2241
2241
2242
2242
2242
2243
2243
2244
2244
2245
2245
2246
2246
2247
2247
2248
2248
2249
2249
2250
2250
2251
2251
2252
2253
2253
2254
2254
2255
2255
2256
2256
2257
2257
2258
2258
2259
2259
2260
2260
2261
2261
2262
2262
2263
2263
2264
2264
2265
2265
2266
2266
2267
2267
2268
2268
2269
2269
2270
2270
2271
2271
2272
2272
2273
2273
2274
2274
2275
2275
2276
2276
2277
2277
2278
2278
2279
2279
2280
2280
2281
2281
2282
2282
2283
2283
2284
2284
2285
2285
2286
2286
2287
2287
2288
2289
2289
2290
2290
2291
2291
2292
2292
2293
2293
2294
2294
2295
2295
2296
2296
2297
2297
2298
2298
2299
2299
2300
2300
2301
2301
2302
2302
2303
2303
2304
2304
2305
2305
2306
2306
2307
2307
2308
2308
2309
2309
2310
2310
2311
2311
2312
2312
2313
2313
2314
2314
2315
2315
2316
2316
2317
2317
2318
2318
2319
2319
2319
2320
2320
2321
2321
2322
2322
2323
2323
2324
2324
2325
2325
2326
2326
2327
2327
2328
2329
2329
2330
2330
2331
2331
2332
2332
2333
2333
2334
2334
2335
2335
2336
2336
2337
2337
2338
2338
2339
2339
2340
2340
2341
2341
2342
2342
2343
2343
2344
2344
2345
2345
2346
2346
2347
2347
2348
2348
2349
2349
2350
2350
2351
2351
2352
2352
2353
2353
2354
2354
2355
2355
2356
2356
2357
2357
2358
2358
2359
2359
2360
2360
2361
2361
2362
2362
2363
2363
2364
2365
2365
2366
2366
2367
2367
2368
2368
2369
2369
2370
2370
2371
2371
2372
2372
2373
2373
2374
2374
2375
2375
2376
2376
2377
2377
2378
2378
2379
2379
2380
2380
2381
2381
2382
2382
2383
2383
2384
2384
2385
2385
2386
2386
2387
2387
2388
2388
2389
2389
2390
2390
2391
2391
2392
2392
2393
2393
2394
2394
2395
2395
2396
2396
2396
2397
2397
2398
2398
2399
2399
2400
2400
2401
2401
2402
2402
2403
2403
2404
2405
2405
2406
2406
2407
2407
2408
2408
2409
2409
2410
2410
2411
2411
2412
2412
2413
2413
2414
2414
2415
2415
2416
2416
2417
2417
2418
2418
2419
2419
2420
2420
2421
2421
2422
2422
2423
2423
2424
2424
2425
2425
2426
2426
2427
2427
2428
2428
2429
2429
2430
2430
2431
2431
2432
2432
2433
2433
2434
2434
2435
2435
2436
2436
2437
2437
2438
2438
2439
2439
2440
2441
2441
2442
2442
2443
2443
2444
2444
2445
2445
2446
2446
2447
2447
2448
2448
2449
2449
2450
2450
2451
2451
2452
2452
2453
2453
2454
2454
2455
2455
2456
2456
2457
2457
2458
2458
2459
2459
2460
2460
2461
2461
2462
2462
2463
2463
2464
2464
2465
2465
2466
2466
2467
2467
2468
2468
2469
2469
2470
2470
2471
2471
2472
2472
2473
2473
2473
2474
2474
2475
2475
2476
2476
2477
2477
2478
2478
2479
2479
2480
2481
2481
2482
2482
2483
2483
2484
2484
2485
2485
2486
2486
2487
2487
2488
2488
2489
2489
2490
2490
2491
2491
2492
2492
2493
2493
2494
2494
2495
2495
2496
2496
2497
2497
2498
2498
2499
2499
2500
2500
2501
2501
2502
2502
2503
2503
2504
2504
2505
2505
2506
2506
2507
2507
2508
2508
2509
2509
2510
2510
2511
2511
2512
2512
2513
2513
2514
2514
2515
2515
2516
2517
2517
2518
2518
2519
2519
2520
2520
2521
2521
2522
2522
2523
2523
2524
2524
2525
2525
2526
2526
2527
2527
2528
2528
2529
2529
2530
2530
2531
2531
2532
2532
2533
2533
2534
2534
2535
2535
2536
2536
2537
2537
2538
2538
2539
2539
2540
2540
2541
2541
2542
2542
2543
2543
2544
2544
2545
2545
2546
2546
2547
2547
2548
2548
2549
2549
2550
2550
2550
2551
2551
2552
2552
2553
2553
2554
2554
2555
2555
2556
2557
2557
2558
2558
2559
2559
2560
2560
2561
2561
2562
2562
2563
2563
2564
2564
2565
2565
2566
2566
2567
2567
2568
2568
2569
2569
2570
2570
2571
2571
2572
2572
2573
2573
2574
2574
2575
2575
2576
2576
2577
2577
2578
2578
2579
2579
2580
2580
2581
2581
2582
2582
2583
2583
2584
2584
2585
2585
2586
2586
2587
2587
2588
2588
2589
2589
2590
2590
2591
2591
2592
2593
2593
2594
2594
2595
2595
2596
2596
2597
2597
2598
2598
2599
2599
2600
2600
2601
2601
2602
2602
2603
2603
2604
2604
2605
2605
2606
2606
2607
2607
2608
2608
2609
2609
2610
2610
2611
2611
2612
2612
2613
2613
2614
2614
2615
2615
2616
2616
2617
2617
2618
2618
2619
2619
2620
2620
2621
2621
2622
2622
2623
2623
2624
2624
2625
2625
2626
2626
2627
2627
2627
2628
2628
2629
2629
2630
2630
2631
2631
2632
2633
2633
2634
2634
2635
2635
2636
2636
2637
2637
2638
2638
2639
2639
2640
2640
2641
2641
2642
2642
2643
2643
2644
2644
2645
2645
2646
2646
2647
2647
2648
2648
2649
2649
2650
2650
2651
2651
2652
2652
2653
2653
2654
2654
2655
2655
2656
2656
2657
2657
2658
2658
2659
2659
2660
2660
2661
2661
2662
2662
2663
2663
2664
2664
2665
2665
2666
2666
2667
2667
2668
2669
2669
2670
2670
2671
2671
2672
2672
2673
2673
2674
2674
2675
2675
2676
2676
2677
2677
2678
2678
2679
2679
2680
2680
2681
2681
2682
2682
2683
2683
2684
2684
2685
2685
2686
2686
2687
2687
2688
2688
2689
2689
2690
2690
2691
2691
2692
2692
2693
2693
2694
2694
2695
2695
2696
2696
2697
2697
2698
2698
2699
2699
2700
2700
2701
2701
2702
2702
2703
2703
2704
2704
2704
2705
2705
2706
2706
2707
2707
2708
2709
2709
2710
2710
2711
2711
2712
2712
2713
2713
2714
2714
2715
2715
2716
2716
2717
2717
2718
2718
2719
2719
2720
2720
2721
2721
2722
2722
2723
2723
2724
2724
2725
2725
2726
2726
2727
2727
2728
2728
2729
2729
2730
2730
2731
2731
2732
2732
2733
2733
2734
2734
2735
2735
2736
2736
2737
2737
2738
2738
2739
2739
2740
2740
2741
2741
2742
2742
2743
2743
2744
2745
2745
2746
2746
2747
2747
2748
2748
2749
2749
2750
2750
2751
2751
2752
2752
2753
2753
2754
2754
2755
2755
2756
2756
2757
2757
2758
2758
2759
2759
2760
2760
2761
2761
2762
2762
2763
2763
2764
2764
2765
2765
2766
2766
2767
2767
2768
2768
2769
2769
2770
2770
2771
2771
2772
2772
2773
2773
2774
2774
2775
2775
2776
2776
2777
2777
2778
2778
2779
2779
2780
2780
2781
2781
2781
2782
2782
2783
2783
2784
2785
2785
2786
2786
2787
2787
2788
2788
2789
2789
2790
2790
2791
2791
2792
2792
2793
2793
2794
2794
2795
2795
2796
2796
2797
2797
2798
2798
2799
2799
2800
2800
2801
2801
2802
2802
2803
2803
2804
2804
2805
2805
2806
2806
2807
2807
2808
2808
2809
2809
2810
2810
2811
2811
2812
2812
2813
2813
2814
2814
2815
2815
2816
2816
2817
2817
2818
2818
2819
2819
2820
2821
2821
2822
2822
2823
2823
2824
2824
2825
2825
2826
2826
2827
2827
2828
2828
2829
2829
2830
2830
2831
2831
2832
2832
2833
2833
2834
2834
2835
2835
2836
2836
2837
2837
2838
2838
2839
2839
2840
2840
2841
2841
2842
2842
2843
2843
2844
2844
2845
2845
2846
2846
2847
2847
2848
2848
2849
2849
2850
2850
2851
2851
2852
2852
2853
2853
2854
2854
2855
2855
2856
2856
2857
2857
2858
2858
2858
2859
2859
2860
2861
2861
2862
2862
2863
2863
2864
2864
2865
2865
2866
2866
2867
2867
2868
2868
2869
2869
2870
2870
2871
2871
2872
2872
2873
2873
2874
2874
2875
2875
2876
2876
2877
2877
2878
2878
2879
2879
2880
2880
2881
2881
2882
2882
2883
2883
2884
2884
2885
2885
2886
2886
2887
2887
2888
2888
2889
2889
2890
2890
2891
2891
2892
2892
2893
2893
2894
2894
2895
2895
2896
2897
2897
2898
2898
2899
2899
2900
2900
2901
2901
2902
2902
2903
2903
2904
2904
2905
2905
2906
2906
2907
2907
2908
2908
2909
2909
2910
2910
2911
2911
2912
2912
2913
2913
2914
2914
2915
2915
2916
2916
2917
2917
2918
2918
2919
2919
2920
2920
2921
2921
2922
2922
2923
2923
2924
2924
2925
2925
2926
2926
2927
2927
2928
2928
2929
2929
2930
2930
2931
2931
2932
2932
2933
2933
2934
2934
2935
2935
2935
2936
2937
2937
2938
2938
2939
2939
2940
2940
2941
2941
2942
2942
2943
2943
2944
2944
2945
2945
2946
2946
2947
2947
2948
2948
2949
2949
2950
2950
2951
2951
2952
2952
2953
2953
2954
2954
2955
2955
2956
2956
2957
2957
2958
2958
2959
2959
2960
2960
2961
2961
2962
2962
2963
2963
2964
2964
2965
2965
2966
2966
2967
2967
2968
2968
2969
2969
2970
2970
2971
2971
2972
2973
2973
2974
2974
2975
2975
2976
2976
2977
2977
2978
2978
2979
2979
2980
2980
2981
2981
2982
2982
2983
2983
2984
2984
2985
2985
2986
2986
2987
2987
2988
2988
2989
2989
2990
2990
2991
2991
2992
2992
2993
2993
2994
2994
2995
2995
2996
2996
2997
2997
2998
2998
2999
2999
3000
3000
3001
3001
3002
3002
3003
3003
3004
3004
3005
3005
3006
3006
3007
3007
3008
3008
3009
3009
3010
3010
3011
3011
3011
3012
3013
3013
3014
3014
3015
3015
3016
3016
3017
3017
3018
3018
3019
3019
3020
3020
3021
3021
3022
3022
3023
3023
3024
3024
3025
3025
3026
3026
3027
3027
3028
3028
3029
3029
3030
3030
3031
3031
3032
3032
3033
3033
3034
3034
3035
3035
3036
3036
3037
3037
3038
3038
3039
3039
3040
3040
3041
3041
3042
3042
3043
3043
3044
3044
3045
3045
3046
3046
3047
3047
3048
3049
3049
3050
3050
3051
3051
3052
3052
3053
3053
3054
3054
3055
3055
3056
3056
3057
3057
3058
3058
3059
3059
3060
3060
3061
3061
3062
3062
3063
3063
3064
3064
3065
3065
3066
3066
3067
3067
3068
3068
3069
3069
3070
3070
3071
3071
3072
3072
3073
3073
3074
3074
3075
3075
3076
3076
3077
3077
3078
3078
3079
3079
3080
3080
3081
3081
3082
3082
3083
3083
3084
3084
3085
3085
3086
3086
3087
3087
3087
3088
3089
3089
3090
3090
3091
3091
3092
3092
3093
3093
3094
3094
3095
3095
3096
3096
3097
3097
3098
3098
3099
3099
3100
3100
3101
3101
3102
3102
3103
3103
3104
3104
3105
3105
3106
3106
3107
3107
3108
3108
3109
3109
3110
3110
3111
3111
3112
3112
3113
3113
3114
3114
3115
3115
3116
3116
3117
3117
3118
3118
3119
3119
3120
3120
3121
3121
3122
3122
3123
3123
3124
3125
3125
3126
3126
3127
3127
3128
3128
3129
3129
3130
3130
3131
3131
3132
3132
3133
3133
3134
3134
3135
3135
3136
3136
3137
3137
3138
3138
3139
3139
3140
3140
3141
3141
3142
3142
3143
3143
3144
3144
3145
3145
3146
3146
3147
3147
3148
3148
3149
3149
3150
3150
3151
3151
3152
3152
3153
3153
3154
3154
3155
3155
3156
3156
3157
3157
3158
3158
3159
3159
3160
3160
3161
3161
3162
3162
3163
3163
3163
3164
3165
3165
3166
3166
3167
3167
3168
3168
3169
3169
3170
3170
3171
3171
3172
3172
3173
3173
3174
3174
3175
3175
3176
3176
3177
3177
3178
3178
3179
3179
3180
3180
3181
3181
3182
3182
3183
3183
3184
3184
3185
3185
3186
3186
3187
3187
3188
3188
3189
3189
3190
3190
3191
3191
3192
3192
3193
3193
3194
3194
3195
3195
3196
3196
3197
3197
3198
3198
3199
3199
3200
3201
3201
3202
3202
3203
3203
3204
3204
3205
3205
3206
3206
3207
3207
3208
3208
3209
3209
3210
3210
3211
3211
3212
3212
3213
3213
3214
3214
3215
3215
3216
3216
3217
3217
3218
3218
3219
3219
3220
3220
3221
3221
3222
3222
3223
3223
3224
3224
3225
3225
3226
3226
3227
3227
3228
3228
3229
3229
3230
3230
3231
3231
3232
3232
3233
3233
3234
3234
3235
3235
3236
3236
3237
3237
3238
3238
3239
3239
3239
3240
3241
3241
3242
3242
3243
3243
3244
3244
3245
3245
3246
3246
3247
3247
3248
3248
3249
3249
3250
3250
3251
3251
3252
3252
3253
3253
3254
3254
3255
3255
3256
3256
3257
3257
3258
3258
3259
3259
3260
3260
3261
3261
3262
3262
3263
3263
3264
3264
3265
3265
3266
3266
3267
3267
3268
3268
3269
3269
3270
3270
3271
3271
3272
3272
3273
3273
3274
3274
3275
3275
3276
3277
3277
3278
3278
3279
3279
3280
3280
3281
3281
3282
3282
3283
3283
3284
3284
3285
3285
3286
3286
3287
3287
3288
3288
3289
3289
3290
3290
3291
3291
3292
3292
3293
3293
3294
3294
3295
3295
3296
3296
3297
3297
3298
3298
3299
3299
3300
3300
3301
3301
3302
3302
3303
3303
3304
3304
3305
3305
3306
3306
3307
3307
3308
3308
3309
3309
3310
3310
3311
3311
3312
3312
3313
3313
3314
3314
3315
3315
3315
3316
3317
3317
3318
3318
3319
3319
3320
3320
3321
3321
3322
3322
3323
3323
3324
3324
3325
3325
3326
3326
3327
3327
3328
3328
3329
3329
3330
3330
3331
3331
3332
3332
3333
3333
3334
3334
3335
3335
3336
3336
3337
3337
3338
3338
3339
3339
3340
3340
3341
3341
3342
3342
3343
3343
3344
3344
3345
3345
3346
3346
3347
3347
3348
3348
3349
3349
3350
3350
3351
3351
3352
3353
3353
3354
3354
3355
3355
3356
3356
3357
3357
3358
3358
3359
3359
3360
3360
3361
3361
3362
3362
3363
3363
3364
3364
3365
3365
3366
3366
3367
3367
3368
3368
3369
3369
3370
3370
3371
3371
3372
3372
3373
3373
3374
3374
3375
3375
3376
3376
3377
3377
3378
3378
3379
3379
3380
3380
3381
3381
3382
3382
3383
3383
3384
3384
3385
3385
3386
3386
3387
3387
3388
3388
3389
3389
3390
3390
3391
3391
3391
3392
3393
3393
3394
3394
3395
3395
3396
3396
3397
3397
3398
3398
3399
3399
3400
3400
3401
3401
3402
3402
3403
3403
3404
3404
3405
3405
3406
3406
3407
3407
3408
3408
3409
3409
3410
3410
3411
3411
3412
3412
3413
3413
3414
3414
3415
3415
3416
3416
3417
3417
3418
3418
3419
3419
3420
3420
3421
3421
3422
3422
3423
3423
3424
3424
3425
3425
3426
3426
3427
3427
3428
3429
3429
3430
3430
3431
3431
3432
3432
3433
3433
3434
3434
3435
3435
3436
3436
3437
3437
3438
3438
3439
3439
3440
3440
3441
3441
3442
3442
3443
3443
3444
3444
3445
3445
3446
3446
3447
3447
3448
3448
3449
3449
3450
3450
3451
3451
3452
3452
3453
3453
3454
3454
3455
3455
3456
3456
3457
3457
3458
3458
3459
3459
3460
3460
3461
3461
3462
3462
3463
3463
3464
3464
3465
3465
3466
3466
3467
3467
3467
3468
3469
3469
3470
3470
3471
3471
3472
3472
3473
3473
3474
3474
3475
3475
3476
3476
3477
3477
3478
3478
3479
3479
3480
3480
3481
3481
3482
3482
3483
3483
3484
3484
3485
3485
3486
3486
3487
3487
3488
3488
3489
3489
3490
3490
3491
3491
3492
3492
3493
3493
3494
3494
3495
3495
3496
3496
3497
3497
3498
3498
3499
3499
3500
3500
3501
3501
3502
3502
3503
3503
3504
3505
3505
3506
3506
3507
3507
3508
3508
3509
3509
3510
3510
3511
3511
3512
3512
3513
3513
3514
3514
3515
3515
3516
3516
3517
3517
3518
3518
3519
3519
3520
3520
3521
3521
3522
3522
3523
3523
3524
3524
3525
3525
3526
3526
3527
3527
3528
3528
3529
3529
3530
3530
3531
3531
3532
3532
3533
3533
3534
3534
3535
3535
3536
3536
3537
3537
3538
3538
3539
3539
3540
3540
3541
3541
3542
3542
3543
3543
3543
3544
3545
3545
3546
3546
3547
3547
3548
3548
3549
3549
3550
3550
3551
3551
3552
3552
3553
3553
3554
3554
3555
3555
3556
3556
3557
3557
3558
3558
3559
3559
3560
3560
3561
3561
3562
3562
3563
3563
3564
3564
3565
3565
3566
3566
3567
3567
3568
3568
3569
3569
3570
3570
3571
3571
3572
3572
3573
3573
3574
3574
3575
3575
3576
3576
3577
3577
3578
3578
3579
3579
3580
3581
3581
3582
3582
3583
3583
3584
3584
3585
3585
3586
3586
3587
3587
3588
3588
3589
3589
3590
3590
3591
3591
3592
3592
3593
3593
3594
3594
3595
3595
3596
3596
3597
3597
3598
3598
3599
3599
3600
3600
3601
3601
3602
3602
3603
3603
3604
3604
3605
3605
3606
3606
3607
3607
3608
3608
3609
3609
3610
3610
3611
3611
3612
3612
3613
3613
3614
3614
3615
3615
3616
3616
3617
3617
3618
3618
3619
3619
3619
3620
3621
3621
3622
3622
3623
3623
3624
3624
3625
3625
3626
3626
3627
3627
3628
3628
3629
3629
3630
3630
3631
3631
3632
3632
3633
3633
3634
3634
3635
3635
3636
3636
3637
3637
3638
3638
3639
3639
3640
3640
3641
3641
3642
3642
3643
3643
3644
3644
3645
3645
3646
3646
3647
3647
3648
3648
3649
3649
3650
3650
3651
3651
3652
3652
3653
3653
3654
3654
3655
3655
3656
3657
3657
3658
3658
3659
3659
3660
3660
3661
3661
3662
3662
3663
3663
3664
3664
3665
3665
3666
3666
3667
3667
3668
3668
3669
3669
3670
3670
3671
3671
3672
3672
3673
3673
3674
3674
3675
3675
3676
3676
3677
3677
3678
3678
3679
3679
3680
3680
3681
3681
3682
3682
3683
3683
3684
3684
3685
3685
3686
3686
3687
3687
3688
3688
3689
3689
3690
3690
3691
3691
3692
3692
3693
3693
3694
3694
3695
3695
3695
3696
3697
3697
3698
3698
3699
3699
3700
3700
3701
3701
3702
3702
3703
3703
3704
3704
3705
3705
3706
3706
3707
3707
3708
3708
3709
3709
3710
3710
3711
3711
3712
3712
3713
3713
3714
3714
3715
3715
3716
3716
3717
3717
3718
3718
3719
3719
3720
3720
3721
3721
3722
3722
3723
3723
3724
3724
3725
3725
3726
3726
3727
3727
3728
3728
3729
3729
3730
3730
3731
3731
3732
3733
3733
3734
3734
3735
3735
3736
3736
3737
3737
3738
3738
3739
3739
3740
3740
3741
3741
3742
3742
3743
3743
3744
3744
3745
3745
3746
3746
3747
3747
3748
3748
3749
3749
3750
3750
3751
3751
3752
3752
3753
3753
3754
3754
3755
3755
3756
3756
3757
3757
3758
3758
3759
3759
3760
3760
3761
3761
3762
3762
3763
3763
3764
3764
3765
3765
3766
3766
3767
3767
3768
3768
3769
3769
3770
3770
3771
3771
3771
3772
3773
3773
3774
3774
3775
3775
3776
3776
3777
3777
3778
3778
3779
3779
3780
3780
3781
3781
3782
3782
3783
3783
3784
3784
3785
3785
3786
3786
3787
3787
3788
3788
3789
3789
3790
3790
3791
3791
3792
3792
3793
3793
3794
3794
3795
3795
3796
3796
3797
3797
3798
3798
3799
3799
3800
3800
3801
3801
3802
3802
3803
3803
3804
3804
3805
3805
3806
3806
3807
3807
3808
3809
3809
3810
3810
3811
3811
3812
3812
3813
3813
3814
3814
3815
3815
3816
3816
3817
3817
3818
3818
3819
3819
3820
3820
3821
3821
3822
3822
3823
3823
3824
3824
3825
3825
3826
3826
3827
3827
3828
3828
3829
3829
3830
3830
3831
3831
3832
3832
3833
3833
3834
3834
3835
3835
3836
3836
3837
3837
3838
3838
3839
3839
3840
3840
3841
3841
3842
3842
3843
3843
3844
3844
3845
3845
3846
3846
3847
3847
3847
3848
3849
3849
3850
3850
3851
3851
3852
3852
3853
3853
3854
3854
3855
3855
3856
3856
3857
3857
3858
3858
3859
3859
3860
3860
3861
3861
3862
3862
3863
3863
3864
3864
3865
3865
3866
3866
3867
3867
3868
3868
3869
3869
3870
3870
3871
3871
3872
3872
3873
3873
3874
3874
3875
3875
3876
3876
3877
3877
3878
3878
3879
3879
3880
3880
3881
3881
3882
3882
3883
3883
3884
3885
3885
3886
3886
3887
3887
3888
3888
3889
3889
3890
3890
3891
3891
3892
3892
3893
3893
3894
3894
3895
3895
3896
3896
3897
3897
3898
3898
3899
3899
3900
3900
3901
3901
3902
3902
3903
3903
3904
3904
3905
3905
3906
3906
3907
3907
3908
3908
3909
3909
3910
3910
3911
3911
3912
3912
3913
3913
3914
3914
3915
3915
3916
3916
3917
3917
3918
3918
3919
3919
3920
3920
3921
3921
3922
3922
3923
3923
3923
3924
3925
3925
3926
3926
3927
3927
3928
3928
3929
3929
3930
3930
3931
3931
3932
3932
3933
3933
3934
3934
3935
3935
3936
3936
3937
3937
3938
3938
3939
3939
3940
3940
3941
3941
3942
3942
3943
3943
3944
3944
3945
3945
3946
3946
3947
3947
3948
3948
3949
3949
3950
3950
3951
3951
3952
3952
3953
3953
3954
3954
3955
3955
3956
3956
3957
3957
3958
3958
3959
3959
3960
3961
3961
3962
3962
3963
3963
3964
3964
3965
3965
3966
3966
3967
3967
3968
3968
3969
3969
3970
3970
3971
3971
3972
3972
3973
3973
3974
3974
3975
3975
3976
3976
3977
3977
3978
3978
3979
3979
3980
3980
3981
3981
3982
3982
3983
3983
3984
3984
3985
3985
3986
3986
3987
3987
3988
3988
3989
3989
3990
3990
3991
3991
3992
3992
3993
3993
3994
3994
3995
3995
3996
3996
3997
3997
3998
3998
3999
3999
3999
4000
4001
4001
4002
4002
4003
4003
4004
4004
4005
4005
4006
4006
4007
4007
4008
4008
4009
4009
4010
4010
4011
4011
4012
4012
4013
4013
4014
4014
4015
4015
4016
4016
4017
4017
4018
4018
4019
4019
4020
4020
4021
4021
4022
4022
4023
4023
4024
4024
4025
4025
4026
4026
4027
4027
4028
4028
4029
4029
4030
4030
4031
4031
4032
4032
4033
4033
4034
4034
4035
4035
4036
4037
4037
4038
4038
4039
4039
4040
4040
4041
4041
4042
4042
4043
4043
4044
4044
4045
4045
4046
4046
4047
4047
4048
4048
4049
4049
4050
4050
4051
4051
4052
4052
4053
4053
4054
4054
4055
4055
4056
4056
4057
4057
4058
4058
4059
4059
4060
4060
4061
4061
4062
4062
4063
4063
4064
4064
4065
4065
4066
4066
4067
4067
4068
4068
4069
4069
4070
4070
4071
4071
4072
4072
4073
4073
4074
4074
4075
4075
4075
4076
4077
4077
4078
4078
4079
4079
4080
4080
4081
4081
4082
4082
4083
4083
4084
4084
4085
4085
4086
4086
4087
4087
4088
4088
4089
4089
4090
4090
4091
4091
4092
4092
4093
4093
4094
4094
4095
4095
4096
4096
4097
4097
4098
4098
4099
4099
4100
4100
4101
4101
4102
4102
4103
4103
4104
4104
4105
4105
4106
4106
4107
4107
4108
4108
4109
4109
4110
4110
4111
4111
4112
4113
4113
4114
4114
4115
4115
4116
4116
4117
4117
4118
4118
4119
4119
4120
4120
4121
4121
4122
4122
4123
4123
4124
4124
4125
4125
4126
4126
4127
4127
4128
4128
4129
4129
4130
4130
4131
4131
4132
4132
4133
4133
4134
4134
4135
4135
4136
4136
4137
4137
4138
4138
4139
4139
4140
4140
4141
4141
4142
4142
4143
4143
4144
4144
4145
4145
4146
4146
4147
4147
4148
4148
4149
4149
4150
4150
4151
4151
4151
4152
4153
4153
4154
4154
4155
4155
4156
4156
4157
4157
4158
4158
4159
4159
4160
4160
4161
4161
4162
4162
4163
4163
4164
4164
4165
4165
4166
4166
4167
4167
4168
4168
4169
4169
4170
4170
4171
4171
4172
4172
4173
4173
4174
4174
4175
4175
4176
4176
4177
4177
4178
4178
4179
4179
4180
4180
4181
4181
4182
4182
4183
4183
4184
4184
4185
4185
4186
4186
4187
4187
4188
4189
4189
4190
4190
4191
4191
4192
4192
4193
4193
4194
4194
4195
4195
4196
4196
4197
4197
4198
4198
4199
4199
4200
4200
4201
4201
4202
4202
4203
4203
4204
4204
4205
4205
4206
4206
4207
4207
4208
4208
4209
4209
4210
4210
4211
4211
4212
4212
4213
4213
4214
4214
4215
4215
4216
4216
4217
4217
4218
4218
4219
4219
4220
4220
4221
4221
4222
4222
4223
4223
4224
4224
4225
4225
4226
4226
4227
4227
4227
4228
4229
4229
4230
4230
4231
4231
4232
4232
4233
4233
4234
4234
4235
4235
4236
4236
4237
4237
4238
4238
4239
4239
4240
4240
4241
4241
4242
4242
4243
4243
4244
4244
4245
4245
4246
4246
4247
4247
4248
4248
4249
4249
4250
4250
4251
4251
4252
4252
4253
4253
4254
4254
4255
4255
4256
4256
4257
4257
4258
4258
4259
4259
4260
4260
4261
4261
4262
4262
4263
4263
4264
4265
4265
4266
4266
4267
4267
4268
4268
4269
4269
4270
4270
4271
4271
4272
4272
4273
4273
4274
4274
4275
4275
4276
4276
4277
4277
4278
4278
4279
4279
4280
4280
4281
4281
4282
4282
4283
4283
4284
4284
4285
4285
4286
4286
4287
4287
4288
4288
4289
4289
4290
4290
4291
4291
4292
4292
4293
4293
4294
4294
4295
4295
4296
4296
4297
4297
4298
4298
4299
4299
4300
4300
4301
4301
4302
4302
4303
4303
4304
4305
4305
4306
4306
4307
4307
4308
4308
4309
4309
4310
4310
4311
4311
4312
4312
4313
4313
4314
4314
4315
4315
4316
4316
4317
4317
4318
4318
4319
4319
4320
4320
4321
4321
4322
4322
4323
4323
4324
4324
4325
4325
4326
4326
4327
4327
4328
4328
4329
4329
4330
4330
4331
4331
4332
4332
4333
4333
4334
4334
4335
4335
4336
4336
4337
4337
4338
4338
4339
4339
4340
4341
4341
4342
4342
4343
4343
4344
4344
4345
4345
4346
4346
4347
4347
4348
4348
4349
4349
4350
4350
4351
4351
4352
4352
4353
4353
4354
4354
4355
4355
4356
4356
4357
4357
4358
4359
4359
4360
4360
4361
4361
4362
4362
4363
4363
4364
4364
4365
4365
4366
4366
4367
4367
4368
4368
4369
4369
4370
4370
4371
4371
4372
4372
4373
4373
4374
4374
4375
4375
4376
4376
4377
4377
4378
4379
4380
4380
4381
4381
4382
4382
4383
4383
4384
4384
4385
4385
4386
4386
4387
4387
4388
4388
4389
4389
4390
4390
4391
4391
4392
4392
4393
4393
4394
4394
4395
4395
4396
4396
4397
4397
4398
4398
4399
4399
4400
4400
4401
4401
4402
4402
4403
4403
4404
4404
4405
4405
4406
4406
4425
4425
4426
4426
4427
4427
4428
4428
4429
4429
4430
4430
4431
4431
4432
4432
4433
4433
4434
4434
4435
4435
4436
4436
4437
4437
4438
4438
4439
4439
4440
4440
4441
4441
4442
4442
4443
4444
4445
4445
4446
4446
4447
4447
4448
4448
4449
4449
4450
4450
4451
4451
4452
4452
4453
4453
4454
4454
4455
4455
4456
4456
4457
4457
4458
4458
4459
4459
4460
4460
4461
4461
0
2
7
14
23
34
47
62
79
98
119
142
167
194
223
254
287
322
359
398
439
482
527
574
623
674
727
782
839
898
959
1022
1087
1154
1223
1294
1367
1442
1518
1594
3
8
15
24
35
48
63
80
99
120
143
168
195
224
255
288
323
360
399
440
483
528
575
624
675
728
783
840
899
960
1023
1088
1155
1224
1295
1368
1443
1519
1595
1671
4378
4443
4479
4461
4406
4331
4255
4179
4103
4027
3951
3875
3799
3723
3647
3571
3495
3419
3343
3267
3191
3115
3039
2963
2887
2811
2735
2659
2583
2507
2431
2355
2279
2203
2127
2051
1975
1899
1823
1747
4303
4358
4424
4405
4330
4254
4178
4102
4026
3950
3874
3798
3722
3646
3570
3494
3418
3342
3266
3190
3114
3038
2962
2886
2810
2734
2658
2582
2506
2430
2354
2278
2202
2126
2050
1974
1898
1822
1746
1670
0
0
1
1
4
4
9
9
16
16
25
25
36
36
49
49
64
64
81
81
100
100
2
2
5
5
10
10
17
17
26
26
37
37
50
50
65
65
82
82
101
101
121
121
7
7
12
12
19
19
28
28
39
39
52
52
67
67
84
84
103
103
124
124
144
144
14
14
21
21
30
30
41
41
54
54
69
69
86
86
105
105
126
126
149
149
169
169
23
23
32
32
43
43
56
56
71
71
88
88
107
107
128
128
151
151
176
176
196
196
34
34
45
45
58
58
73
73
90
90
109
109
130
130
153
153
178
178
205
205
225
225
47
47
60
60
75
75
92
92
111
111
132
132
155
155
180
180
207
207
236
236
256
256
62
62
77
77
94
94
113
113
134
134
157
157
182
182
209
209
238
238
269
269
289
289
79
79
96
96
115
115
136
136
159
159
184
184
211
211
240
240
271
271
304
304
324
324
98
98
117
117
138
138
161
161
186
186
213
213
242
242
273
273
306
306
341
341
361
361
119
119
140
140
163
163
188
188
215
215
244
244
275
275
308
308
343
343
380
380
400
400
142
142
165
165
190
190
217
217
246
246
277
277
310
310
345
345
382
382
421
421
441
441
167
167
192
192
219
219
248
248
279
279
312
312
347
347
384
384
423
423
464
464
484
484
194
194
221
221
250
250
281
281
314
314
349
349
386
386
425
425
466
466
509
509
529
529
223
223
252
252
283
283
316
316
351
351
388
388
427
427
468
468
511
511
556
556
576
576
254
254
285
285
318
318
353
353
390
390
429
429
470
470
513
513
558
558
605
605
625
625
287
287
320
320
355
355
392
392
431
431
472
472
515
515
560
560
607
607
656
656
676
676
322
322
357
357
394
394
433
433
474
474
517
517
562
562
609
609
658
658
709
709
729
729
359
359
396
396
435
435
476
476
519
519
564
564
611
611
660
660
711
711
764
764
784
784
398
398
437
437
478
478
521
521
566
566
613
613
662
662
713
713
766
766
821
821
841
841
439
439
480
480
523
523
568
568
615
615
664
664
715
715
768
768
823
823
880
880
900
900
482
482
525
525
570
570
617
617
666
666
717
717
770
770
825
825
882
882
941
941
961
961
527
527
572
572
619
619
668
668
719
719
772
772
827
827
884
884
943
943
1004
1004
1024
1024
574
574
621
621
670
670
721
721
774
774
829
829
886
886
945
945
1006
1006
1069
1069
1089
1089
623
623
672
672
723
723
776
776
831
831
888
888
947
947
1008
1008
1071
1071
1136
1136
1156
1156
674
674
725
725
778
778
833
833
890
890
949
949
1010
1010
1073
1073
1138
1138
1205
1205
1225
1225
727
727
780
780
835
835
892
892
951
951
1012
1012
1075
1075
1140
1140
1207
1207
1276
1276
1296
1296
782
782
837
837
894
894
953
953
1014
1014
1077
1077
1142
1142
1209
1209
1278
1278
1349
1349
1369
1369
839
839
896
896
955
955
1016
1016
1079
1079
1144
1144
1211
1211
1280
1280
1351
1351
1424
1424
1444
1444
898
898
957
957
1018
1018
1081
1081
1146
1146
1213
1213
1282
1282
1353
1353
1426
1426
1500
1500
1520
1520
959
959
1020
1020
1083
1083
1148
1148
1215
1215
1284
1284
1355
1355
1428
1428
1502
1502
1576
1576
1596
1596
1022
1022
1085
1085
1150
1150
1217
1217
1286
1286
1357
1357
1430
1430
1504
1504
1578
1578
1652
1652
1672
1672
1087
1087
1152
1152
1219
1219
1288
1288
1359
1359
1432
1432
1506
1506
1580
1580
1654
1654
1728
1728
1748
1748
1154
1154
1221
1221
1290
1290
1361
1361
1434
1434
1508
1508
1582
1582
1656
1656
1730
1730
1804
1804
1824
1824
1223
1223
1292
1292
1363
1363
1436
1436
1510
1510
1584
1584
1658
1658
1732
1732
1806
1806
1880
1880
1900
1900
1294
1294
1365
1365
1438
1438
1512
1512
1586
1586
1660
1660
1734
1734
1808
1808
1882
1882
1956
1956
1976
1976
1367
1367
1440
1440
1514
1514
1588
1588
1662
1662
1736
1736
1810
1810
1884
1884
1958
1958
2032
2032
2052
2052
1442
1442
1516
1516
1590
1590
1664
1664
1738
1738
1812
1812
1886
1886
1960
1960
2034
2034
2108
2108
2128
2128
1518
1518
1592
1592
1666
1666
1740
1740
1814
1814
1888
1888
1962
1962
2036
2036
2110
2110
2184
2184
2204
2204
1594
1594
1668
1668
1742
1742
1816
1816
1890
1890
1964
1964
2038
2038
2112
2112
2186
2186
2260
2260
2280
2280
332
332
370
370
410
410
452
452
496
496
542
542
590
590
640
640
692
692
746
746
802
802
860
860
920
920
982
982
1046
1046
1112
1112
1180
1180
1250
1250
1322
1322
1396
1396
369
369
409
409
451
451
495
495
541
541
589
589
639
639
691
691
745
745
801
801
859
859
919
919
981
981
1045
1045
1111
1111
1179
1179
1249
1249
1321
1321
1395
1395
1470
1470
408
408
450
450
494
494
540
540
588
588
638
638
690
690
744
744
800
800
858
858
918
918
980
980
1044
1044
1110
1110
1178
1178
1248
1248
1320
1320
1394
1394
1469
1469
1545
1545
449
449
493
493
539
539
587
587
637
637
689
689
743
743
799
799
857
857
917
917
979
979
1043
1043
1109
1109
1177
1177
1247
1247
1319
1319
1393
1393
1468
1468
1544
1544
1620
1620
492
492
538
538
586
586
636
636
688
688
742
742
798
798
856
856
916
916
978
978
1042
1042
1108
1108
1176
1176
1246
1246
1318
1318
1392
1392
1467
1467
1543
1543
1619
1619
1695
1695
537
537
585
585
635
635
687
687
741
741
797
797
855
855
915
915
977
977
1041
1041
1107
1107
1175
1175
1245
1245
1317
1317
1391
1391
1466
1466
1542
1542
1618
1618
1694
1694
1770
1770
584
584
634
634
686
686
740
740
796
796
854
854
914
914
976
976
1040
1040
1106
1106
1174
1174
1244
1244
1316
1316
1390
1390
1465
1465
1541
1541
1617
1617
1693
1693
1769
1769
1845
1845
633
633
685
685
739
739
795
795
853
853
913
913
975
975
1039
1039
1105
1105
1173
1173
1243
1243
1315
1315
1389
1389
1464
1464
1540
1540
1616
1616
1692
1692
1768
1768
1844
1844
1920
1920
684
684
738
738
794
794
852
852
912
912
974
974
1038
1038
1104
1104
1172
1172
1242
1242
1314
1314
1388
1388
1463
1463
1539
1539
1615
1615
1691
1691
1767
1767
1843
1843
1919
1919
1995
1995
737
737
793
793
851
851
911
911
973
973
1037
1037
1103
1103
1171
1171
1241
1241
1313
1313
1387
1387
1462
1462
1538
1538
1614
1614
1690
1690
1766
1766
1842
1842
1918
1918
1994
1994
2070
2070
792
792
850
850
910
910
972
972
1036
1036
1102
1102
1170
1170
1240
1240
1312
1312
1386
1386
1461
1461
1537
1537
1613
1613
1689
1689
1765
1765
1841
1841
1917
1917
1993
1993
2069
2069
2145
2145
849
849
909
909
971
971
1035
1035
1101
1101
1169
1169
1239
1239
1311
1311
1385
1385
1460
1460
1536
1536
1612
1612
1688
1688
1764
1764
1840
1840
1916
1916
1992
1992
2068
2068
2144
2144
2220
2220
908
908
970
970
1034
1034
1100
1100
1168
1168
1238
1238
1310
1310
1384
1384
1459
1459
1535
1535
1611
1611
1687
1687
1763
1763
1839
1839
1915
1915
1991
1991
2067
2067
2143
2143
2219
2219
2295
2295
969
969
1033
1033
1099
1099
1167
1167
1237
1237
1309
1309
1383
1383
1458
1458
1534
1534
1610
1610
1686
1686
1762
1762
1838
1838
1914
1914
1990
1990
2066
2066
2142
2142
2218
2218
2294
2294
2370
2370
1032
1032
1098
1098
1166
1166
1236
1236
1308
1308
1382
1382
1457
1457
1533
1533
1609
1609
1685
1685
1761
1761
1837
1837
1913
1913
1989
1989
2065
2065
2141
2141
2217
2217
2293
2293
2369
2369
2445
2445
1097
1097
1165
1165
1235
1235
1307
1307
1381
1381
1456
1456
1532
1532
1608
1608
1684
1684
1760
1760
1836
1836
1912
1912
1988
1988
2064
2064
2140
2140
2216
2216
2292
2292
2368
2368
2444
2444
2520
2520
1164
1164
1234
1234
1306
1306
1380
1380
1455
1455
1531
1531
1607
1607
1683
1683
1759
1759
1835
1835
1911
1911
1987
1987
2063
2063
2139
2139
2215
2215
2291
2291
2367
2367
2443
2443
2519
2519
2595
2595
1233
1233
1305
1305
1379
1379
1454
1454
1530
1530
1606
1606
1682
1682
1758
1758
1834
1834
1910
1910
1986
1986
2062
2062
2138
2138
2214
2214
2290
2290
2366
2366
2442
2442
2518
2518
2594
2594
2670
2670
1304
1304
1378
1378
1453
1453
1529
1529
1605
1605
1681
1681
1757
1757
1833
1833
1909
1909
1985
1985
2061
2061
2137
2137
2213
2213
2289
2289
2365
2365
2441
2441
2517
2517
2593
2593
2669
2669
2745
2745
1377
1377
1452
1452
1528
1528
1604
1604
1680
1680
1756
1756
1832
1832
1908
1908
1984
1984
2060
2060
2136
2136
2212
2212
2288
2288
2364
2364
2440
2440
2516
2516
2592
2592
2668
2668
2744
2744
2820
2820
2812
2812
2736
2736
2660
2660
2584
2584
2508
2508
2432
2432
2356
2356
2743
2743
2666
2666
2589
2589
2512
2512
2435
2435
2358
2358
2281
2281
2667
2667
2590
2590
2513
2513
2436
2436
2359
2359
2282
2282
2205
2205
2591
2591
2514
2514
2437
2437
2360
2360
2283
2283
2206
2206
2129
2129
2515
2515
2438
2438
2361
2361
2284
2284
2207
2207
2130
2130
2053
2053
2439
2439
2362
2362
2285
2285
2208
2208
2131
2131
2054
2054
1977
1977
2363
2363
2286
2286
2209
2209
2132
2132
2055
2055
1978
1978
1901
1901
2287
2287
2210
2210
2133
2133
2056
2056
1979
1979
1902
1902
1825
1825
2211
2211
2134
2134
2057
2057
1980
1980
1903
1903
1826
1826
1749
1749
2135
2135
2058
2058
1981
1981
1904
1904
1827
1827
1750
1750
1673
1673
2059
2059
1982
1982
1905
1905
1828
1828
1751
1751
1674
1674
1597
1597
1983
1983
1906
1906
1829
1829
1752
1752
1675
1675
1598
1598
1521
1521
1907
1907
1830
1830
1753
1753
1676
1676
1599
1599
1522
1522
1445
1445
1831
1831
1754
1754
1677
1677
1600
1600
1523
1523
1446
1446
1370
1370
1755
1755
1678
1678
1601
1601
1524
1524
1447
1447
1371
1371
1297
1297
1679
1679
1602
1602
1525
1525
1448
1448
1372
1372
1298
1298
1226
1226
1603
1603
1526
1526
1449
1449
1373
1373
1299
1299
1227
1227
1157
1157
1527
1527
1450
1450
1374
1374
1300
1300
1228
1228
1158
1158
1090
1090
1451
1451
1375
1375
1301
1301
1229
1229
1159
1159
1091
1091
1025
1025
1376
1376
1302
1302
1230
1230
1160
1160
1092
1092
1026
1026
962
962
901
901
842
842
785
785
730
730
677
677
626
626
577
577
530
530
485
485
442
442
401
401
362
362
325
325
290
290
257
257
226
226
197
197
170
170
145
145
122
122
963
963
902
902
843
843
786
786
731
731
678
678
627
627
578
578
531
531
486
486
443
443
402
402
363
363
326
326
291
291
258
258
227
227
198
198
171
171
146
146
1027
1027
964
964
903
903
844
844
787
787
732
732
679
679
628
628
579
579
532
532
487
487
444
444
403
403
364
364
327
327
292
292
259
259
228
228
199
199
172
172
1093
1093
1028
1028
965
965
904
904
845
845
788
788
733
733
680
680
629
629
580
580
533
533
488
488
445
445
404
404
365
365
328
328
293
293
260
260
229
229
200
200
1161
1161
1094
1094
1029
1029
966
966
905
905
846
846
789
789
734
734
681
681
630
630
581
581
534
534
489
489
446
446
405
405
366
366
329
329
294
294
261
261
230
230
1231
1231
1162
1162
1095
1095
1030
1030
967
967
906
906
847
847
790
790
735
735
682
682
631
631
582
582
535
535
490
490
447
447
406
406
367
367
330
330
295
295
262
262
1303
1303
1232
1232
1163
1163
1096
1096
1031
1031
968
968
907
907
848
848
791
791
736
736
683
683
632
632
583
583
536
536
491
491
448
448
407
407
368
368
331
331
296
296
333
333
297
297
263
263
231
231
201
201
173
173
147
147
372
372
334
334
298
298
264
264
232
232
202
202
174
174
413
413
373
373
335
335
299
299
265
265
233
233
203
203
456
456
414
414
374
374
336
336
300
300
266
266
234
234
501
501
457
457
415
415
375
375
337
337
301
301
267
267
548
548
502
502
458
458
416
416
376
376
338
338
302
302
597
597
549
549
503
503
459
459
417
417
377
377
339
339
648
648
598
598
550
550
504
504
460
460
418
418
378
378
701
701
649
649
599
599
551
551
505
505
461
461
419
419
756
756
702
702
650
650
600
600
552
552
506
506
462
462
813
813
757
757
703
703
651
651
601
601
553
553
507
507
872
872
814
814
758
758
704
704
652
652
602
602
554
554
933
933
873
873
815
815
759
759
705
705
653
653
603
603
996
996
934
934
874
874
816
816
760
760
706
706
654
654
1061
1061
997
997
935
935
875
875
817
817
761
761
707
707
1128
1128
1062
1062
998
998
936
936
876
876
818
818
762
762
1197
1197
1129
1129
1063
1063
999
999
937
937
877
877
819
819
1268
1268
1198
1198
1130
1130
1064
1064
1000
1000
938
938
878
878
1341
1341
1269
1269
1199
1199
1131
1131
1065
1065
1001
1001
939
939
1416
1416
1342
1342
1270
1270
1200
1200
1132
1132
1066
1066
1002
1002
1067
1067
1134
1134
1203
1203
1274
1274
1347
1347
1422
1422
1498
1498
1574
1574
1650
1650
1726
1726
1802
1802
1878
1878
1954
1954
2030
2030
2106
2106
2182
2182
2258
2258
2334
2334
2410
2410
2486
2486
1133
1133
1202
1202
1273
1273
1346
1346
1421
1421
1497
1497
1573
1573
1649
1649
1725
1725
1801
1801
1877
1877
1953
1953
2029
2029
2105
2105
2181
2181
2257
2257
2333
2333
2409
2409
2485
2485
2561
2561
1201
1201
1272
1272
1345
1345
1420
1420
1496
1496
1572
1572
1648
1648
1724
1724
1800
1800
1876
1876
1952
1952
2028
2028
2104
2104
2180
2180
2256
2256
2332
2332
2408
2408
2484
2484
2560
2560
2636
2636
1271
1271
1344
1344
1419
1419
1495
1495
1571
1571
1647
1647
1723
1723
1799
1799
1875
1875
1951
1951
2027
2027
2103
2103
2179
2179
2255
2255
2331
2331
2407
2407
2483
2483
2559
2559
2635
2635
2711
2711
1343
1343
1418
1418
1494
1494
1570
1570
1646
1646
1722
1722
1798
1798
1874
1874
1950
1950
2026
2026
2102
2102
2178
2178
2254
2254
2330
2330
2406
2406
2482
2482
2558
2558
2634
2634
2710
2710
2786
2786
1417
1417
1493
1493
1569
1569
1645
1645
1721
1721
1797
1797
1873
1873
1949
1949
2025
2025
2101
2101
2177
2177
2253
2253
2329
2329
2405
2405
2481
2481
2557
2557
2633
2633
2709
2709
2785
2785
2861
2861
1492
1492
1568
1568
1644
1644
1720
1720
1796
1796
1872
1872
1948
1948
2024
2024
2100
2100
2176
2176
2252
2252
2328
2328
2404
2404
2480
2480
2556
2556
2632
2632
2708
2708
2784
2784
2860
2860
2936
2936
2915
2915
2839
2839
2763
2763
2687
2687
2611
2611
2535
2535
2459
2459
2383
2383
2307
2307
2231
2231
2155
2155
2079
2079
2003
2003
1927
1927
1851
1851
1775
1775
1699
1699
1623
1623
1547
1547
1471
1471
2859
2859
2782
2782
2705
2705
2628
2628
2551
2551
2474
2474
2397
2397
2320
2320
2243
2243
2166
2166
2089
2089
2012
2012
1935
1935
1858
1858
1781
1781
1704
1704
1627
1627
1550
1550
1473
1473
1397
1397
2783
2783
2706
2706
2629
2629
2552
2552
2475
2475
2398
2398
2321
2321
2244
2244
2167
2167
2090
2090
2013
2013
1936
1936
1859
1859
1782
1782
1705
1705
1628
1628
1551
1551
1474
1474
1398
1398
1323
1323
2707
2707
2630
2630
2553
2553
2476
2476
2399
2399
2322
2322
2245
2245
2168
2168
2091
2091
2014
2014
1937
1937
1860
1860
1783
1783
1706
1706
1629
1629
1552
1552
1475
1475
1399
1399
1324
1324
1251
1251
2631
2631
2554
2554
2477
2477
2400
2400
2323
2323
2246
2246
2169
2169
2092
2092
2015
2015
1938
1938
1861
1861
1784
1784
1707
1707
1630
1630
1553
1553
1476
1476
1400
1400
1325
1325
1252
1252
1181
1181
2555
2555
2478
2478
2401
2401
2324
2324
2247
2247
2170
2170
2093
2093
2016
2016
1939
1939
1862
1862
1785
1785
1708
1708
1631
1631
1554
1554
1477
1477
1401
1401
1326
1326
1253
1253
1182
1182
1113
1113
2479
2479
2402
2402
2325
2325
2248
2248
2171
2171
2094
2094
2017
2017
1940
1940
1863
1863
1786
1786
1709
1709
1632
1632
1555
1555
1478
1478
1402
1402
1327
1327
1254
1254
1183
1183
1114
1114
1047
1047
2403
2403
2326
2326
2249
2249
2172
2172
2095
2095
2018
2018
1941
1941
1864
1864
1787
1787
1710
1710
1633
1633
1556
1556
1479
1479
1403
1403
1328
1328
1255
1255
1184
1184
1115
1115
1048
1048
983
983
2327
2327
2250
2250
2173
2173
2096
2096
2019
2019
1942
1942
1865
1865
1788
1788
1711
1711
1634
1634
1557
1557
1480
1480
1404
1404
1329
1329
1256
1256
1185
1185
1116
1116
1049
1049
984
984
921
921
2251
2251
2174
2174
2097
2097
2020
2020
1943
1943
1866
1866
1789
1789
1712
1712
1635
1635
1558
1558
1481
1481
1405
1405
1330
1330
1257
1257
1186
1186
1117
1117
1050
1050
985
985
922
922
861
861
2175
2175
2098
2098
2021
2021
1944
1944
1867
1867
1790
1790
1713
1713
1636
1636
1559
1559
1482
1482
1406
1406
1331
1331
1258
1258
1187
1187
1118
1118
1051
1051
986
986
923
923
862
862
803
803
2099
2099
2022
2022
1945
1945
1868
1868
1791
1791
1714
1714
1637
1637
1560
1560
1483
1483
1407
1407
1332
1332
1259
1259
1188
1188
1119
1119
1052
1052
987
987
924
924
863
863
804
804
747
747
2023
2023
1946
1946
1869
1869
1792
1792
1715
1715
1638
1638
1561
1561
1484
1484
1408
1408
1333
1333
1260
1260
1189
1189
1120
1120
1053
1053
988
988
925
925
864
864
805
805
748
748
693
693
1947
1947
1870
1870
1793
1793
1716
1716
1639
1639
1562
1562
1485
1485
1409
1409
1334
1334
1261
1261
1190
1190
1121
1121
1054
1054
989
989
926
926
865
865
806
806
749
749
694
694
641
641
1871
1871
1794
1794
1717
1717
1640
1640
1563
1563
1486
1486
1410
1410
1335
1335
1262
1262
1191
1191
1122
1122
1055
1055
990
990
927
927
866
866
807
807
750
750
695
695
642
642
591
591
1795
1795
1718
1718
1641
1641
1564
1564
1487
1487
1411
1411
1336
1336
1263
1263
1192
1192
1123
1123
1056
1056
991
991
928
928
867
867
808
808
751
751
696
696
643
643
592
592
543
543
1719
1719
1642
1642
1565
1565
1488
1488
1412
1412
1337
1337
1264
1264
1193
1193
1124
1124
1057
1057
992
992
929
929
868
868
809
809
752
752
697
697
644
644
593
593
544
544
497
497
1643
1643
1566
1566
1489
1489
1413
1413
1338
1338
1265
1265
1194
1194
1125
1125
1058
1058
993
993
930
930
869
869
810
810
753
753
698
698
645
645
594
594
545
545
498
498
453
453
1567
1567
1490
1490
1414
1414
1339
1339
1266
1266
1195
1195
1126
1126
1059
1059
994
994
931
931
870
870
811
811
754
754
699
699
646
646
595
595
546
546
499
499
454
454
411
411
1491
1491
1415
1415
1340
1340
1267
1267
1196
1196
1127
1127
1060
1060
995
995
932
932
871
871
812
812
755
755
700
700
647
647
596
596
547
547
500
500
455
455
412
412
371
371
3
3
8
8
15
15
24
24
35
35
48
48
63
63
80
80
99
99
120
120
143
143
168
168
195
195
224
224
255
255
288
288
323
323
360
360
399
399
440
440
483
483
528
528
575
575
624
624
675
675
728
728
783
783
840
840
899
899
960
960
1023
1023
1088
1088
1155
1155
1224
1224
1295
1295
1368
1368
1443
1443
1519
1519
1595
1595
1671
1671
6
6
13
13
22
22
33
33
46
46
61
61
78
78
97
97
118
118
141
141
166
166
193
193
222
222
253
253
286
286
321
321
358
358
397
397
438
438
481
481
526
526
573
573
622
622
673
673
726
726
781
781
838
838
897
897
958
958
1021
1021
1086
1086
1153
1153
1222
1222
1293
1293
1366
1366
1441
1441
1517
1517
1593
1593
1669
1669
1745
1745
11
11
20
20
31
31
44
44
59
59
76
76
95
95
116
116
139
139
164
164
191
191
220
220
251
251
284
284
319
319
356
356
395
395
436
436
479
479
524
524
571
571
620
620
671
671
724
724
779
779
836
836
895
895
956
956
1019
1019
1084
1084
1151
1151
1220
1220
1291
1291
1364
1364
1439
1439
1515
1515
1591
1591
1667
1667
1743
1743
1819
1819
18
18
29
29
42
42
57
57
74
74
93
93
114
114
137
137
162
162
189
189
218
218
249
249
282
282
317
317
354
354
393
393
434
434
477
477
522
522
569
569
618
618
669
669
722
722
777
777
834
834
893
893
954
954
1017
1017
1082
1082
1149
1149
1218
1218
1289
1289
1362
1362
1437
1437
1513
1513
1589
1589
1665
1665
1741
1741
1817
1817
1893
1893
27
27
40
40
55
55
72
72
91
91
112
112
135
135
160
160
187
187
216
216
247
247
280
280
315
315
352
352
391
391
432
432
475
475
520
520
567
567
616
616
667
667
720
720
775
775
832
832
891
891
952
952
1015
1015
1080
1080
1147
1147
1216
1216
1287
1287
1360
1360
1435
1435
1511
1511
1587
1587
1663
1663
1739
1739
1815
1815
1891
1891
1967
1967
38
38
53
53
70
70
89
89
110
110
133
133
158
158
185
185
214
214
245
245
278
278
313
313
350
350
389
389
430
430
473
473
518
518
565
565
614
614
665
665
718
718
773
773
830
830
889
889
950
950
1013
1013
1078
1078
1145
1145
1214
1214
1285
1285
1358
1358
1433
1433
1509
1509
1585
1585
1661
1661
1737
1737
1813
1813
1889
1889
1965
1965
2041
2041
51
51
68
68
87
87
108
108
131
131
156
156
183
183
212
212
243
243
276
276
311
311
348
348
387
387
428
428
471
471
516
516
563
563
612
612
663
663
716
716
771
771
828
828
887
887
948
948
1011
1011
1076
1076
1143
1143
1212
1212
1283
1283
1356
1356
1431
1431
1507
1507
1583
1583
1659
1659
1735
1735
1811
1811
1887
1887
1963
1963
2039
2039
2115
2115
66
66
85
85
106
106
129
129
154
154
181
181
210
210
241
241
274
274
309
309
346
346
385
385
426
426
469
469
514
514
561
561
610
610
661
661
714
714
769
769
826
826
885
885
946
946
1009
1009
1074
1074
1141
1141
1210
1210
1281
1281
1354
1354
1429
1429
1505
1505
1581
1581
1657
1657
1733
1733
1809
1809
1885
1885
1961
1961
2037
2037
2113
2113
2189
2189
83
83
104
104
127
127
152
152
179
179
208
208
239
239
272
272
307
307
344
344
383
383
424
424
467
467
512
512
559
559
608
608
659
659
712
712
767
767
824
824
883
883
944
944
1007
1007
1072
1072
1139
1139
1208
1208
1279
1279
1352
1352
1427
1427
1503
1503
1579
1579
1655
1655
1731
1731
1807
1807
1883
1883
1959
1959
2035
2035
2111
2111
2187
2187
2263
2263
102
102
125
125
150
150
177
177
206
206
237
237
270
270
305
305
342
342
381
381
422
422
465
465
510
510
557
557
606
606
657
657
710
710
765
765
822
822
881
881
942
942
1005
1005
1070
1070
1137
1137
1206
1206
1277
1277
1350
1350
1425
1425
1501
1501
1577
1577
1653
1653
1729
1729
1805
1805
1881
1881
1957
1957
2033
2033
2109
2109
2185
2185
2261
2261
2337
2337
123
123
148
148
175
175
204
204
235
235
268
268
303
303
340
340
379
379
420
420
463
463
508
508
555
555
604
604
655
655
708
708
763
763
820
820
879
879
940
940
1003
1003
1068
1068
1135
1135
1204
1204
1275
1275
1348
1348
1423
1423
1499
1499
1575
1575
1651
1651
1727
1727
1803
1803
1879
1879
1955
1955
2031
2031
2107
2107
2183
2183
2259
2259
2335
2335
2411
2411
4378
4378
4302
4302
4226
4226
4150
4150
4074
4074
3998
3998
3922
3922
3846
3846
3770
3770
3694
3694
3618
3618
4443
4443
4377
4377
4301
4301
4225
4225
4149
4149
4073
4073
3997
3997
3921
3921
3845
3845
3769
3769
3693
3693
4479
4479
4442
4442
4376
4376
4300
4300
4224
4224
4148
4148
4072
4072
3996
3996
3920
3920
3844
3844
3768
3768
4461
4461
4478
4478
4441
4441
4375
4375
4299
4299
4223
4223
4147
4147
4071
4071
3995
3995
3919
3919
3843
3843
4406
4406
4460
4460
4477
4477
4440
4440
4374
4374
4298
4298
4222
4222
4146
4146
4070
4070
3994
3994
3918
3918
4331
4331
4404
4404
4459
4459
4476
4476
4439
4439
4373
4373
4297
4297
4221
4221
4145
4145
4069
4069
3993
3993
4255
4255
4329
4329
4402
4402
4458
4458
4475
4475
4438
4438
4372
4372
4296
4296
4220
4220
4144
4144
4068
4068
4179
4179
4253
4253
4327
4327
4400
4400
4457
4457
4474
4474
4437
4437
4371
4371
4295
4295
4219
4219
4143
4143
4103
4103
4177
4177
4251
4251
4325
4325
4398
4398
4456
4456
4473
4473
4436
4436
4370
4370
4294
4294
4218
4218
4027
4027
4101
4101
4175
4175
4249
4249
4323
4323
4396
4396
4455
4455
4472
4472
4435
4435
4369
4369
4293
4293
3951
3951
4025
4025
4099
4099
4173
4173
4247
4247
4321
4321
4394
4394
4454
4454
4471
4471
4434
4434
4368
4368
3875
3875
3949
3949
4023
4023
4097
4097
4171
4171
4245
4245
4319
4319
4392
4392
4453
4453
4470
4470
4433
4433
3799
3799
3873
3873
3947
3947
4021
4021
4095
4095
4169
4169
4243
4243
4317
4317
4390
4390
4452
4452
4469
4469
3723
3723
3797
3797
3871
3871
3945
3945
4019
4019
4093
4093
4167
4167
4241
4241
4315
4315
4388
4388
4451
4451
3647
3647
3721
3721
3795
3795
3869
3869
3943
3943
4017
4017
4091
4091
4165
4165
4239
4239
4313
4313
4386
4386
3571
3571
3645
3645
3719
3719
3793
3793
3867
3867
3941
3941
4015
4015
4089
4089
4163
4163
4237
4237
4311
4311
3495
3495
3569
3569
3643
3643
3717
3717
3791
3791
3865
3865
3939
3939
4013
4013
4087
4087
4161
4161
4235
4235
3419
3419
3493
3493
3567
3567
3641
3641
3715
3715
3789
3789
3863
3863
3937
3937
4011
4011
4085
4085
4159
4159
3343
3343
3417
3417
3491
3491
3565
3565
3639
3639
3713
3713
3787
3787
3861
3861
3935
3935
4009
4009
4083
4083
3267
3267
3341
3341
3415
3415
3489
3489
3563
3563
3637
3637
3711
3711
3785
3785
3859
3859
3933
3933
4007
4007
3191
3191
3265
3265
3339
3339
3413
3413
3487
3487
3561
3561
3635
3635
3709
3709
3783
3783
3857
3857
3931
3931
3115
3115
3189
3189
3263
3263
3337
3337
3411
3411
3485
3485
3559
3559
3633
3633
3707
3707
3781
3781
3855
3855
3039
3039
3113
3113
3187
3187
3261
3261
3335
3335
3409
3409
3483
3483
3557
3557
3631
3631
3705
3705
3779
3779
2963
2963
3037
3037
3111
3111
3185
3185
3259
3259
3333
3333
3407
3407
3481
3481
3555
3555
3629
3629
3703
3703
2887
2887
2961
2961
3035
3035
3109
3109
3183
3183
3257
3257
3331
3331
3405
3405
3479
3479
3553
3553
3627
3627
2811
2811
2885
2885
2959
2959
3033
3033
3107
3107
3181
3181
3255
3255
3329
3329
3403
3403
3477
3477
3551
3551
2735
2735
2809
2809
2883
2883
2957
2957
3031
3031
3105
3105
3179
3179
3253
3253
3327
3327
3401
3401
3475
3475
2659
2659
2733
2733
2807
2807
2881
2881
2955
2955
3029
3029
3103
3103
3177
3177
3251
3251
3325
3325
3399
3399
2583
2583
2657
2657
2731
2731
2805
2805
2879
2879
2953
2953
3027
3027
3101
3101
3175
3175
3249
3249
3323
3323
2507
2507
2581
2581
2655
2655
2729
2729
2803
2803
2877
2877
2951
2951
3025
3025
3099
3099
3173
3173
3247
3247
2431
2431
2505
2505
2579
2579
2653
2653
2727
2727
2801
2801
2875
2875
2949
2949
3023
3023
3097
3097
3171
3171
2355
2355
2429
2429
2503
2503
2577
2577
2651
2651
2725
2725
2799
2799
2873
2873
2947
2947
3021
3021
3095
3095
2279
2279
2353
2353
2427
2427
2501
2501
2575
2575
2649
2649
2723
2723
2797
2797
2871
2871
2945
2945
3019
3019
2203
2203
2277
2277
2351
2351
2425
2425
2499
2499
2573
2573
2647
2647
2721
2721
2795
2795
2869
2869
2943
2943
2127
2127
2201
2201
2275
2275
2349
2349
2423
2423
2497
2497
2571
2571
2645
2645
2719
2719
2793
2793
2867
2867
2051
2051
2125
2125
2199
2199
2273
2273
2347
2347
2421
2421
2495
2495
2569
2569
2643
2643
2717
2717
2791
2791
1975
1975
2049
2049
2123
2123
2197
2197
2271
2271
2345
2345
2419
2419
2493
2493
2567
2567
2641
2641
2715
2715
1899
1899
1973
1973
2047
2047
2121
2121
2195
2195
2269
2269
2343
2343
2417
2417
2491
2491
2565
2565
2639
2639
1823
1823
1897
1897
1971
1971
2045
2045
2119
2119
2193
2193
2267
2267
2341
2341
2415
2415
2489
2489
2563
2563
1747
1747
1821
1821
1895
1895
1969
1969
2043
2043
2117
2117
2191
2191
2265
2265
2339
2339
2413
2413
2487
2487
3010
3010
2934
2934
2857
2857
2780
2780
2703
2703
2626
2626
2549
2549
2472
2472
2395
2395
2318
2318
2241
2241
2164
2164
2087
2087
2010
2010
1933
1933
1856
1856
1779
1779
1702
1702
1625
1625
1548
1548
3085
3085
3009
3009
2933
2933
2856
2856
2779
2779
2702
2702
2625
2625
2548
2548
2471
2471
2394
2394
2317
2317
2240
2240
2163
2163
2086
2086
2009
2009
1932
1932
1855
1855
1778
1778
1701
1701
1624
1624
3160
3160
3084
3084
3008
3008
2932
2932
2855
2855
2778
2778
2701
2701
2624
2624
2547
2547
2470
2470
2393
2393
2316
2316
2239
2239
2162
2162
2085
2085
2008
2008
1931
1931
1854
1854
1777
1777
1700
1700
3235
3235
3159
3159
3083
3083
3007
3007
2931
2931
2854
2854
2777
2777
2700
2700
2623
2623
2546
2546
2469
2469
2392
2392
2315
2315
2238
2238
2161
2161
2084
2084
2007
2007
1930
1930
1853
1853
1776
1776
3310
3310
3234
3234
3158
3158
3082
3082
3006
3006
2930
2930
2853
2853
2776
2776
2699
2699
2622
2622
2545
2545
2468
2468
2391
2391
2314
2314
2237
2237
2160
2160
2083
2083
2006
2006
1929
1929
1852
1852
3385
3385
3309
3309
3233
3233
3157
3157
3081
3081
3005
3005
2929
2929
2852
2852
2775
2775
2698
2698
2621
2621
2544
2544
2467
2467
2390
2390
2313
2313
2236
2236
2159
2159
2082
2082
2005
2005
1928
1928
3460
3460
3384
3384
3308
3308
3232
3232
3156
3156
3080
3080
3004
3004
2928
2928
2851
2851
2774
2774
2697
2697
2620
2620
2543
2543
2466
2466
2389
2389
2312
2312
2235
2235
2158
2158
2081
2081
2004
2004
3535
3535
3459
3459
3383
3383
3307
3307
3231
3231
3155
3155
3079
3079
3003
3003
2927
2927
2850
2850
2773
2773
2696
2696
2619
2619
2542
2542
2465
2465
2388
2388
2311
2311
2234
2234
2157
2157
2080
2080
3610
3610
3534
3534
3458
3458
3382
3382
3306
3306
3230
3230
3154
3154
3078
3078
3002
3002
2926
2926
2849
2849
2772
2772
2695
2695
2618
2618
2541
2541
2464
2464
2387
2387
2310
2310
2233
2233
2156
2156
3685
3685
3609
3609
3533
3533
3457
3457
3381
3381
3305
3305
3229
3229
3153
3153
3077
3077
3001
3001
2925
2925
2848
2848
2771
2771
2694
2694
2617
2617
2540
2540
2463
2463
2386
2386
2309
2309
2232
2232
3760
3760
3684
3684
3608
3608
3532
3532
3456
3456
3380
3380
3304
3304
3228
3228
3152
3152
3076
3076
3000
3000
2924
2924
2847
2847
2770
2770
2693
2693
2616
2616
2539
2539
2462
2462
2385
2385
2308
2308
3835
3835
3759
3759
3683
3683
3607
3607
3531
3531
3455
3455
3379
3379
3303
3303
3227
3227
3151
3151
3075
3075
2999
2999
2923
2923
2846
2846
2769
2769
2692
2692
2615
2615
2538
2538
2461
2461
2384
2384
3910
3910
3834
3834
3758
3758
3682
3682
3606
3606
3530
3530
3454
3454
3378
3378
3302
3302
3226
3226
3150
3150
3074
3074
2998
2998
2922
2922
2845
2845
2768
2768
2691
2691
2614
2614
2537
2537
2460
2460
3985
3985
3909
3909
3833
3833
3757
3757
3681
3681
3605
3605
3529
3529
3453
3453
3377
3377
3301
3301
3225
3225
3149
3149
3073
3073
2997
2997
2921
2921
2844
2844
2767
2767
2690
2690
2613
2613
2536
2536
4060
4060
3984
3984
3908
3908
3832
3832
3756
3756
3680
3680
3604
3604
3528
3528
3452
3452
3376
3376
3300
3300
3224
3224
3148
3148
3072
3072
2996
2996
2920
2920
2843
2843
2766
2766
2689
2689
2612
2612
4135
4135
4059
4059
3983
3983
3907
3907
3831
3831
3755
3755
3679
3679
3603
3603
3527
3527
3451
3451
3375
3375
3299
3299
3223
3223
3147
3147
3071
3071
2995
2995
2919
2919
2842
2842
2765
2765
2688
2688
4210
4210
4134
4134
4058
4058
3982
3982
3906
3906
3830
3830
3754
3754
3678
3678
3602
3602
3526
3526
3450
3450
3374
3374
3298
3298
3222
3222
3146
3146
3070
3070
2994
2994
2918
2918
2841
2841
2764
2764
4285
4285
4209
4209
4133
4133
4057
4057
3981
3981
3905
3905
3829
3829
3753
3753
3677
3677
3601
3601
3525
3525
3449
3449
3373
3373
3297
3297
3221
3221
3145
3145
3069
3069
2993
2993
2917
2917
2840
2840
4360
4360
4284
4284
4208
4208
4132
4132
4056
4056
3980
3980
3904
3904
3828
3828
3752
3752
3676
3676
3600
3600
3524
3524
3448
3448
3372
3372
3296
3296
3220
3220
3144
3144
3068
3068
2992
2992
2916
2916
4425
4425
4359
4359
4283
4283
4207
4207
4131
4131
4055
4055
3979
3979
3903
3903
3827
3827
3751
3751
3675
3675
3599
3599
3523
3523
3447
3447
3371
3371
3295
3295
3219
3219
3143
3143
3067
3067
2991
2991
3012
3012
2937
2937
2862
2862
2787
2787
2712
2712
2637
2637
2562
2562
3088
3088
3013
3013
2938
2938
2863
2863
2788
2788
2713
2713
2638
2638
3164
3164
3089
3089
3014
3014
2939
2939
2864
2864
2789
2789
2714
2714
3240
3240
3165
3165
3090
3090
3015
3015
2940
2940
2865
2865
2790
2790
3316
3316
3241
3241
3166
3166
3091
3091
3016
3016
2941
2941
2866
2866
3392
3392
3317
3317
3242
3242
3167
3167
3092
3092
3017
3017
2942
2942
3468
3468
3393
3393
3318
3318
3243
3243
3168
3168
3093
3093
3018
3018
3544
3544
3469
3469
3394
3394
3319
3319
3244
3244
3169
3169
3094
3094
3620
3620
3545
3545
3470
3470
3395
3395
3320
3320
3245
3245
3170
3170
3696
3696
3621
3621
3546
3546
3471
3471
3396
3396
3321
3321
3246
3246
3772
3772
3697
3697
3622
3622
3547
3547
3472
3472
3397
3397
3322
3322
3848
3848
3773
3773
3698
3698
3623
3623
3548
3548
3473
3473
3398
3398
3924
3924
3849
3849
3774
3774
3699
3699
3624
3624
3549
3549
3474
3474
4000
4000
3925
3925
3850
3850
3775
3775
3700
3700
3625
3625
3550
3550
4076
4076
4001
4001
3926
3926
3851
3851
3776
3776
3701
3701
3626
3626
4152
4152
4077
4077
4002
4002
3927
3927
3852
3852
3777
3777
3702
3702
4228
4228
4153
4153
4078
4078
4003
4003
3928
3928
3853
3853
3778
3778
4304
4304
4229
4229
4154
4154
4079
4079
4004
4004
3929
3929
3854
3854
4379
4379
4305
4305
4230
4230
4155
4155
4080
4080
4005
4005
3930
3930
4444
4444
4380
4380
4306
4306
4231
4231
4156
4156
4081
4081
4006
4006
4082
4082
4158
4158
4234
4234
4310
4310
4385
4385
4450
4450
4468
4468
4432
4432
4367
4367
4292
4292
4217
4217
4142
4142
4067
4067
3992
3992
3917
3917
3842
3842
3767
3767
3692
3692
3617
3617
3542
3542
4157
4157
4233
4233
4309
4309
4384
4384
4449
4449
4467
4467
4431
4431
4366
4366
4291
4291
4216
4216
4141
4141
4066
4066
3991
3991
3916
3916
3841
3841
3766
3766
3691
3691
3616
3616
3541
3541
3466
3466
4232
4232
4308
4308
4383
4383
4448
4448
4466
4466
4430
4430
4365
4365
4290
4290
4215
4215
4140
4140
4065
4065
3990
3990
3915
3915
3840
3840
3765
3765
3690
3690
3615
3615
3540
3540
3465
3465
3390
3390
4307
4307
4382
4382
4447
4447
4465
4465
4429
4429
4364
4364
4289
4289
4214
4214
4139
4139
4064
4064
3989
3989
3914
3914
3839
3839
3764
3764
3689
3689
3614
3614
3539
3539
3464
3464
3389
3389
3314
3314
4381
4381
4446
4446
4464
4464
4428
4428
4363
4363
4288
4288
4213
4213
4138
4138
4063
4063
3988
3988
3913
3913
3838
3838
3763
3763
3688
3688
3613
3613
3538
3538
3463
3463
3388
3388
3313
3313
3238
3238
4445
4445
4463
4463
4427
4427
4362
4362
4287
4287
4212
4212
4137
4137
4062
4062
3987
3987
3912
3912
3837
3837
3762
3762
3687
3687
3612
3612
3537
3537
3462
3462
3387
3387
3312
3312
3237
3237
3162
3162
4462
4462
4426
4426
4361
4361
4286
4286
4211
4211
4136
4136
4061
4061
3986
3986
3911
3911
3836
3836
3761
3761
3686
3686
3611
3611
3536
3536
3461
3461
3386
3386
3311
3311
3236
3236
3161
3161
3086
3086
3011
3011
3087
3087
3163
3163
3239
3239
3315
3315
3391
3391
3467
3467
3066
3066
3142
3142
3218
3218
3294
3294
3370
3370
3446
3446
3522
3522
3141
3141
3217
3217
3293
3293
3369
3369
3445
3445
3521
3521
3597
3597
3216
3216
3292
3292
3368
3368
3444
3444
3520
3520
3596
3596
3672
3672
3291
3291
3367
3367
3443
3443
3519
3519
3595
3595
3671
3671
3747
3747
3366
3366
3442
3442
3518
3518
3594
3594
3670
3670
3746
3746
3822
3822
3441
3441
3517
3517
3593
3593
3669
3669
3745
3745
3821
3821
3897
3897
3516
3516
3592
3592
3668
3668
3744
3744
3820
3820
3896
3896
3972
3972
3591
3591
3667
3667
3743
3743
3819
3819
3895
3895
3971
3971
4047
4047
3666
3666
3742
3742
3818
3818
3894
3894
3970
3970
4046
4046
4122
4122
3741
3741
3817
3817
3893
3893
3969
3969
4045
4045
4121
4121
4197
4197
3816
3816
3892
3892
3968
3968
4044
4044
4120
4120
4196
4196
4272
4272
3891
3891
3967
3967
4043
4043
4119
4119
4195
4195
4271
4271
4347
4347
3966
3966
4042
4042
4118
4118
4194
4194
4270
4270
4346
4346
4413
4413
4041
4041
4117
4117
4193
4193
4269
4269
4345
4345
4412
4412
4338
4338
4116
4116
4192
4192
4268
4268
4344
4344
4411
4411
4337
4337
4262
4262
4191
4191
4267
4267
4343
4343
4410
4410
4336
4336
4261
4261
4186
4186
4266
4266
4342
4342
4409
4409
4335
4335
4260
4260
4185
4185
4110
4110
4341
4341
4408
4408
4334
4334
4259
4259
4184
4184
4109
4109
4034
4034
4407
4407
4333
4333
4258
4258
4183
4183
4108
4108
4033
4033
3958
3958
3882
3882
3806
3806
3730
3730
3654
3654
3578
3578
3502
3502
3426
3426
3350
3350
3274
3274
3198
3198
3122
3122
3046
3046
2970
2970
2894
2894
2818
2818
2741
2741
2664
2664
2587
2587
2510
2510
2433
2433
3957
3957
3881
3881
3805
3805
3729
3729
3653
3653
3577
3577
3501
3501
3425
3425
3349
3349
3273
3273
3197
3197
3121
3121
3045
3045
2969
2969
2893
2893
2817
2817
2740
2740
2663
2663
2586
2586
2509
2509
4032
4032
3956
3956
3880
3880
3804
3804
3728
3728
3652
3652
3576
3576
3500
3500
3424
3424
3348
3348
3272
3272
3196
3196
3120
3120
3044
3044
2968
2968
2892
2892
2816
2816
2739
2739
2662
2662
2585
2585
4107
4107
4031
4031
3955
3955
3879
3879
3803
3803
3727
3727
3651
3651
3575
3575
3499
3499
3423
3423
3347
3347
3271
3271
3195
3195
3119
3119
3043
3043
2967
2967
2891
2891
2815
2815
2738
2738
2661
2661
4182
4182
4106
4106
4030
4030
3954
3954
3878
3878
3802
3802
3726
3726
3650
3650
3574
3574
3498
3498
3422
3422
3346
3346
3270
3270
3194
3194
3118
3118
3042
3042
2966
2966
2890
2890
2814
2814
2737
2737
4257
4257
4181
4181
4105
4105
4029
4029
3953
3953
3877
3877
3801
3801
3725
3725
3649
3649
3573
3573
3497
3497
3421
3421
3345
3345
3269
3269
3193
3193
3117
3117
3041
3041
2965
2965
2889
2889
2813
2813
4332
4332
4256
4256
4180
4180
4104
4104
4028
4028
3952
3952
3876
3876
3800
3800
3724
3724
3648
3648
3572
3572
3496
3496
3420
3420
3344
3344
3268
3268
3192
3192
3116
3116
3040
3040
2964
2964
2888
2888
2896
2896
2821
2821
2746
2746
2671
2671
2596
2596
2521
2521
2446
2446
2371
2371
2296
2296
2221
2221
2146
2146
2071
2071
1996
1996
1921
1921
1846
1846
1771
1771
1696
1696
1621
1621
1546
1546
1472
1472
2972
2972
2897
2897
2822
2822
2747
2747
2672
2672
2597
2597
2522
2522
2447
2447
2372
2372
2297
2297
2222
2222
2147
2147
2072
2072
1997
1997
1922
1922
1847
1847
1772
1772
1697
1697
1622
1622
1549
1549
3048
3048
2973
2973
2898
2898
2823
2823
2748
2748
2673
2673
2598
2598
2523
2523
2448
2448
2373
2373
2298
2298
2223
2223
2148
2148
2073
2073
1998
1998
1923
1923
1848
1848
1773
1773
1698
1698
1626
1626
3124
3124
3049
3049
2974
2974
2899
2899
2824
2824
2749
2749
2674
2674
2599
2599
2524
2524
2449
2449
2374
2374
2299
2299
2224
2224
2149
2149
2074
2074
1999
1999
1924
1924
1849
1849
1774
1774
1703
1703
3200
3200
3125
3125
3050
3050
2975
2975
2900
2900
2825
2825
2750
2750
2675
2675
2600
2600
2525
2525
2450
2450
2375
2375
2300
2300
2225
2225
2150
2150
2075
2075
2000
2000
1925
1925
1850
1850
1780
1780
3276
3276
3201
3201
3126
3126
3051
3051
2976
2976
2901
2901
2826
2826
2751
2751
2676
2676
2601
2601
2526
2526
2451
2451
2376
2376
2301
2301
2226
2226
2151
2151
2076
2076
2001
2001
1926
1926
1857
1857
3352
3352
3277
3277
3202
3202
3127
3127
3052
3052
2977
2977
2902
2902
2827
2827
2752
2752
2677
2677
2602
2602
2527
2527
2452
2452
2377
2377
2302
2302
2227
2227
2152
2152
2077
2077
2002
2002
1934
1934
3428
3428
3353
3353
3278
3278
3203
3203
3128
3128
3053
3053
2978
2978
2903
2903
2828
2828
2753
2753
2678
2678
2603
2603
2528
2528
2453
2453
2378
2378
2303
2303
2228
2228
2153
2153
2078
2078
2011
2011
3504
3504
3429
3429
3354
3354
3279
3279
3204
3204
3129
3129
3054
3054
2979
2979
2904
2904
2829
2829
2754
2754
2679
2679
2604
2604
2529
2529
2454
2454
2379
2379
2304
2304
2229
2229
2154
2154
2088
2088
3580
3580
3505
3505
3430
3430
3355
3355
3280
3280
3205
3205
3130
3130
3055
3055
2980
2980
2905
2905
2830
2830
2755
2755
2680
2680
2605
2605
2530
2530
2455
2455
2380
2380
2305
2305
2230
2230
2165
2165
3656
3656
3581
3581
3506
3506
3431
3431
3356
3356
3281
3281
3206
3206
3131
3131
3056
3056
2981
2981
2906
2906
2831
2831
2756
2756
2681
2681
2606
2606
2531
2531
2456
2456
2381
2381
2306
2306
2242
2242
3732
3732
3657
3657
3582
3582
3507
3507
3432
3432
3357
3357
3282
3282
3207
3207
3132
3132
3057
3057
2982
2982
2907
2907
2832
2832
2757
2757
2682
2682
2607
2607
2532
2532
2457
2457
2382
2382
2319
2319
3808
3808
3733
3733
3658
3658
3583
3583
3508
3508
3433
3433
3358
3358
3283
3283
3208
3208
3133
3133
3058
3058
2983
2983
2908
2908
2833
2833
2758
2758
2683
2683
2608
2608
2533
2533
2458
2458
2396
2396
3884
3884
3809
3809
3734
3734
3659
3659
3584
3584
3509
3509
3434
3434
3359
3359
3284
3284
3209
3209
3134
3134
3059
3059
2984
2984
2909
2909
2834
2834
2759
2759
2684
2684
2609
2609
2534
2534
2473
2473
3960
3960
3885
3885
3810
3810
3735
3735
3660
3660
3585
3585
3510
3510
3435
3435
3360
3360
3285
3285
3210
3210
3135
3135
3060
3060
2985
2985
2910
2910
2835
2835
2760
2760
2685
2685
2610
2610
2550
2550
4036
4036
3961
3961
3886
3886
3811
3811
3736
3736
3661
3661
3586
3586
3511
3511
3436
3436
3361
3361
3286
3286
3211
3211
3136
3136
3061
3061
2986
2986
2911
2911
2836
2836
2761
2761
2686
2686
2627
2627
4112
4112
4037
4037
3962
3962
3887
3887
3812
3812
3737
3737
3662
3662
3587
3587
3512
3512
3437
3437
3362
3362
3287
3287
3212
3212
3137
3137
3062
3062
2987
2987
2912
2912
2837
2837
2762
2762
2704
2704
4188
4188
4113
4113
4038
4038
3963
3963
3888
3888
3813
3813
3738
3738
3663
3663
3588
3588
3513
3513
3438
3438
3363
3363
3288
3288
3213
3213
3138
3138
3063
3063
2988
2988
2913
2913
2838
2838
2781
2781
4264
4264
4189
4189
4114
4114
4039
4039
3964
3964
3889
3889
3814
3814
3739
3739
3664
3664
3589
3589
3514
3514
3439
3439
3364
3364
3289
3289
3214
3214
3139
3139
3064
3064
2989
2989
2914
2914
2858
2858
4340
4340
4265
4265
4190
4190
4115
4115
4040
4040
3965
3965
3890
3890
3815
3815
3740
3740
3665
3665
3590
3590
3515
3515
3440
3440
3365
3365
3290
3290
3215
3215
3140
3140
3065
3065
2990
2990
2935
2935
4303
4303
4358
4358
4424
4424
4405
4405
4330
4330
4254
4254
4178
4178
4102
4102
4026
4026
3950
3950
3874
3874
3798
3798
3722
3722
3646
3646
3570
3570
3494
3494
3418
3418
3342
3342
3266
3266
3190
3190
3114
3114
3038
3038
2962
2962
2886
2886
2810
2810
2734
2734
2658
2658
2582
2582
2506
2506
2430
2430
2354
2354
2278
2278
2202
2202
2126
2126
2050
2050
1974
1974
1898
1898
1822
1822
1746
1746
1670
1670
4227
4227
4282
4282
4357
4357
4423
4423
4403
4403
4328
4328
4252
4252
4176
4176
4100
4100
4024
4024
3948
3948
3872
3872
3796
3796
3720
3720
3644
3644
3568
3568
3492
3492
3416
3416
3340
3340
3264
3264
3188
3188
3112
3112
3036
3036
2960
2960
2884
2884
2808
2808
2732
2732
2656
2656
2580
2580
2504
2504
2428
2428
2352
2352
2276
2276
2200
2200
2124
2124
2048
2048
1972
1972
1896
1896
1820
1820
1744
1744
4151
4151
4206
4206
4281
4281
4356
4356
4422
4422
4401
4401
4326
4326
4250
4250
4174
4174
4098
4098
4022
4022
3946
3946
3870
3870
3794
3794
3718
3718
3642
3642
3566
3566
3490
3490
3414
3414
3338
3338
3262
3262
3186
3186
3110
3110
3034
3034
2958
2958
2882
2882
2806
2806
2730
2730
2654
2654
2578
2578
2502
2502
2426
2426
2350
2350
2274
2274
2198
2198
2122
2122
2046
2046
1970
1970
1894
1894
1818
1818
4075
4075
4130
4130
4205
4205
4280
4280
4355
4355
4421
4421
4399
4399
4324
4324
4248
4248
4172
4172
4096
4096
4020
4020
3944
3944
3868
3868
3792
3792
3716
3716
3640
3640
3564
3564
3488
3488
3412
3412
3336
3336
3260
3260
3184
3184
3108
3108
3032
3032
2956
2956
2880
2880
2804
2804
2728
2728
2652
2652
2576
2576
2500
2500
2424
2424
2348
2348
2272
2272
2196
2196
2120
2120
2044
2044
1968
1968
1892
1892
3999
3999
4054
4054
4129
4129
4204
4204
4279
4279
4354
4354
4420
4420
4397
4397
4322
4322
4246
4246
4170
4170
4094
4094
4018
4018
3942
3942
3866
3866
3790
3790
3714
3714
3638
3638
3562
3562
3486
3486
3410
3410
3334
3334
3258
3258
3182
3182
3106
3106
3030
3030
2954
2954
2878
2878
2802
2802
2726
2726
2650
2650
2574
2574
2498
2498
2422
2422
2346
2346
2270
2270
2194
2194
2118
2118
2042
2042
1966
1966
3923
3923
3978
3978
4053
4053
4128
4128
4203
4203
4278
4278
4353
4353
4419
4419
4395
4395
4320
4320
4244
4244
4168
4168
4092
4092
4016
4016
3940
3940
3864
3864
3788
3788
3712
3712
3636
3636
3560
3560
3484
3484
3408
3408
3332
3332
3256
3256
3180
3180
3104
3104
3028
3028
2952
2952
2876
2876
2800
2800
2724
2724
2648
2648
2572
2572
2496
2496
2420
2420
2344
2344
2268
2268
2192
2192
2116
2116
2040
2040
3847
3847
3902
3902
3977
3977
4052
4052
4127
4127
4202
4202
4277
4277
4352
4352
4418
4418
4393
4393
4318
4318
4242
4242
4166
4166
4090
4090
4014
4014
3938
3938
3862
3862
3786
3786
3710
3710
3634
3634
3558
3558
3482
3482
3406
3406
3330
3330
3254
3254
3178
3178
3102
3102
3026
3026
2950
2950
2874
2874
2798
2798
2722
2722
2646
2646
2570
2570
2494
2494
2418
2418
2342
2342
2266
2266
2190
2190
2114
2114
3771
3771
3826
3826
3901
3901
3976
3976
4051
4051
4126
4126
4201
4201
4276
4276
4351
4351
4417
4417
4391
4391
4316
4316
4240
4240
4164
4164
4088
4088
4012
4012
3936
3936
3860
3860
3784
3784
3708
3708
3632
3632
3556
3556
3480
3480
3404
3404
3328
3328
3252
3252
3176
3176
3100
3100
3024
3024
2948
2948
2872
2872
2796
2796
2720
2720
2644
2644
2568
2568
2492
2492
2416
2416
2340
2340
2264
2264
2188
2188
3695
3695
3750
3750
3825
3825
3900
3900
3975
3975
4050
4050
4125
4125
4200
4200
4275
4275
4350
4350
4416
4416
4389
4389
4314
4314
4238
4238
4162
4162
4086
4086
4010
4010
3934
3934
3858
3858
3782
3782
3706
3706
3630
3630
3554
3554
3478
3478
3402
3402
3326
3326
3250
3250
3174
3174
3098
3098
3022
3022
2946
2946
2870
2870
2794
2794
2718
2718
2642
2642
2566
2566
2490
2490
2414
2414
2338
2338
2262
2262
3619
3619
3674
3674
3749
3749
3824
3824
3899
3899
3974
3974
4049
4049
4124
4124
4199
4199
4274
4274
4349
4349
4415
4415
4387
4387
4312
4312
4236
4236
4160
4160
4084
4084
4008
4008
3932
3932
3856
3856
3780
3780
3704
3704
3628
3628
3552
3552
3476
3476
3400
3400
3324
3324
3248
3248
3172
3172
3096
3096
3020
3020
2944
2944
2868
2868
2792
2792
2716
2716
2640
2640
2564
2564
2488
2488
2412
2412
2336
2336
3543
3543
3598
3598
3673
3673
3748
3748
3823
3823
3898
3898
3973
3973
4048
4048
4123
4123
4198
4198
4273
4273
4348
4348
4414
4414
4339
4339
4263
4263
4187
4187
4111
4111
4035
4035
3959
3959
3883
3883
3807
3807
3731
3731
3655
3655
3579
3579
3503
3503
3427
3427
3351
3351
3275
3275
3199
3199
3123
3123
3047
3047
2971
2971
2895
2895
2819
2819
2742
2742
2665
2665
2588
2588
2511
2511
2434
2434
2357
2357
)


// ************************************************************************* //
